2.29842
2.28303
2.26765
2.25226
2.23688
2.22149
2.20611
2.19072
2.34348
2.32786
2.31223
2.29661
2.28098
2.26536
2.24973
2.23411
2.21848
2.20286
2.18723
2.17161
2.15598
2.14036
2.12473
2.38998
2.3741
2.35823
2.34236
2.32649
2.31061
2.29474
2.27887
2.26299
2.24712
2.23125
2.21537
2.1995
2.18363
2.16776
2.15188
2.13601
2.12014
2.10426
2.08839
2.07252
2.05664
2.04077
2.0249
2.00903
2.42184
2.40572
2.38959
2.37346
2.35733
2.3412
2.32507
2.30894
2.29281
2.27668
2.26055
2.24443
2.2283
2.21217
2.19604
2.17991
2.16378
2.14765
2.13152
2.11539
2.09926
2.08314
2.06701
2.05088
2.03475
2.01862
2.00249
1.98636
1.97023
1.9541
1.93797
2.47115
2.45476
2.43836
2.42197
2.40558
2.38918
2.37279
2.3564
2.34
2.32361
2.30722
2.29082
2.27443
2.25804
2.24164
2.22525
2.20886
2.19246
2.17607
2.15967
2.14328
2.12689
2.11049
2.0941
2.07771
2.06131
2.04492
2.02853
2.01213
1.99574
1.97935
1.96295
1.94656
1.93017
1.91377
1.89738
1.88099
2.48877
2.4721
2.45543
2.43877
2.4221
2.40543
2.38877
2.3721
2.35543
2.33877
2.3221
2.30543
2.28877
2.2721
2.25543
2.23877
2.2221
2.20543
2.18877
2.1721
2.15543
2.13877
2.1221
2.10543
2.08877
2.0721
2.05543
2.03877
2.0221
2.00543
1.98877
1.9721
1.95543
1.93877
1.9221
1.90543
1.88877
1.8721
1.85543
1.83877
1.8221
1.80543
1.5221
1.50543
1.48877
1.4721
1.45543
1.43877
1.4221
1.40543
1.38877
1.3721
1.35543
1.33877
1.3221
1.30543
1.28877
1.2721
1.25543
1.24853
1.24163
1.23472
1.22782
1.22091
1.21401
1.20711
2.52393
2.50698
2.49003
2.47308
2.45613
2.43918
2.42223
2.40528
2.38833
2.37139
2.35444
2.33749
2.32054
2.30359
2.28664
2.26969
2.25274
2.23579
2.21884
2.20189
2.18494
2.168
2.15105
2.1341
2.11715
2.1002
2.08325
2.0663
2.04935
2.0324
2.01545
1.9985
1.98155
1.96461
1.94766
1.93071
1.91376
1.89681
1.87986
1.86291
1.84596
1.82901
1.81206
1.79511
1.77816
1.76122
1.74427
1.72732
1.71037
1.69342
1.67647
1.65952
1.64257
1.62562
1.60867
1.59172
1.57478
1.55783
1.54088
1.52393
1.50698
1.49003
1.47308
1.45613
1.43918
1.42223
1.40528
1.38833
1.37139
1.35444
1.33749
1.32054
1.30359
1.28664
1.26969
1.25274
1.24572
1.2387
1.23168
1.22466
1.21764
1.21062
1.2036
1.19658
1.18956
1.18254
2.54306
2.52582
2.50858
2.49134
2.4741
2.45685
2.43961
2.42237
2.40513
2.38789
2.37065
2.35341
2.33616
2.31892
2.30168
2.28444
2.2672
2.24996
2.23272
2.21547
2.19823
2.18099
2.16375
2.14651
2.12927
2.11203
2.09478
2.07754
2.0603
2.04306
2.02582
2.00858
1.99134
1.9741
1.95685
1.93961
1.92237
1.90513
1.88789
1.87065
1.85341
1.83616
1.81892
1.80168
1.78444
1.7672
1.74996
1.73272
1.71547
1.69823
1.68099
1.66375
1.64651
1.62927
1.61203
1.59478
1.57754
1.5603
1.54306
1.52582
1.50858
1.49134
1.4741
1.45685
1.43961
1.42237
1.40513
1.38789
1.37065
1.35341
1.33616
1.31892
1.30168
1.28444
1.2672
1.24996
1.24282
1.23567
1.22853
1.22139
1.21425
1.20711
1.19997
1.19282
1.18568
1.17854
1.1714
1.16426
2.56286
2.54532
2.52778
2.51023
2.49269
2.47515
2.4576
2.44006
2.42251
2.40497
2.38743
2.36988
2.35234
2.33479
2.31725
2.29971
2.28216
2.26462
2.24708
2.22953
2.21199
2.19444
2.1769
2.15936
2.14181
2.12427
2.10672
2.08918
2.07164
2.05409
2.03655
2.01901
2.00146
1.98392
1.96637
1.94883
1.93129
1.91374
1.8962
1.87865
1.86111
1.84357
1.82602
1.80848
1.79094
1.77339
1.75585
1.7383
1.72076
1.70322
1.68567
1.66813
1.65058
1.63304
1.6155
1.59795
1.58041
1.56286
1.54532
1.52778
1.51023
1.49269
1.47515
1.4576
1.44006
1.42251
1.40497
1.38743
1.36988
1.35234
1.33479
1.31725
1.29971
1.28216
1.26462
1.24708
1.23981
1.23254
1.22527
1.21801
1.21074
1.20347
1.19621
1.18894
1.18167
1.17441
1.16714
1.15987
1.15261
1.14534
2.58338
2.56552
2.54766
2.52981
2.51195
2.49409
2.47623
2.45838
2.44052
2.42266
2.40481
2.38695
2.36909
2.35123
2.33338
2.31552
2.29766
2.27981
2.26195
2.24409
2.22623
2.20838
2.19052
2.17266
2.15481
2.13695
2.11909
2.10123
2.08338
2.06552
2.04766
2.02981
2.01195
1.99409
1.97623
1.95838
1.94052
1.92266
1.90481
1.88695
1.86909
1.85123
1.83338
1.81552
1.79766
1.77981
1.76195
1.74409
1.72623
1.70838
1.69052
1.67266
1.65481
1.63695
1.61909
1.60123
1.58338
1.56552
1.54766
1.52981
1.51195
1.49409
1.47623
1.45838
1.44052
1.42266
1.40481
1.38695
1.36909
1.35123
1.33338
1.31552
1.29766
1.27981
1.26195
1.24409
1.23669
1.2293
1.2219
1.2145
1.20711
1.19971
1.19231
1.18492
1.17752
1.17012
1.16273
1.15533
1.14793
1.14054
1.13314
2.53191
2.51372
2.49554
2.47736
2.45918
2.441
2.42282
2.40463
2.38645
2.36827
2.35009
2.33191
2.31372
2.29554
2.27736
2.25918
2.241
2.22282
2.20463
2.18645
2.16827
2.15009
2.13191
2.11372
2.09554
2.07736
2.05918
2.041
2.02282
2.00463
1.98645
1.96827
1.95009
1.93191
1.91372
1.89554
1.87736
1.85918
1.841
1.82282
1.80463
1.78645
1.76827
1.75009
1.73191
1.71372
1.69554
1.67736
1.65918
1.641
1.62282
1.60463
1.58645
1.56827
1.55009
1.53191
1.51372
1.49554
1.47736
1.45918
1.441
1.42282
1.40463
1.38645
1.36827
1.35009
1.33191
1.31372
1.29554
1.27736
1.25918
1.241
1.23347
1.22594
1.2184
1.21087
1.20334
1.19581
1.18828
1.18075
1.17322
1.16569
1.15815
1.15062
1.14309
1.13556
1.12803
1.1205
2.44149
2.42298
2.40446
2.38594
2.36742
2.3489
2.33038
2.31186
2.29335
2.27483
2.25631
2.23779
2.21927
2.20075
2.18223
2.16372
2.1452
2.12668
2.10816
2.08964
2.07112
2.0526
2.03409
2.01557
1.99705
1.97853
1.96001
1.94149
1.92298
1.90446
1.88594
1.86742
1.8489
1.83038
1.81186
1.79335
1.77483
1.75631
1.73779
1.71927
1.70075
1.68223
1.66372
1.6452
1.62668
1.60816
1.58964
1.57112
1.5526
1.53409
1.51557
1.49705
1.47853
1.46001
1.44149
1.42298
1.40446
1.38594
1.36742
1.3489
1.33038
1.31186
1.29335
1.27483
1.25631
1.23779
1.23012
1.22245
1.21478
1.20711
1.19944
1.19177
1.1841
1.17642
1.16875
1.16108
1.15341
1.14574
1.13807
1.1304
1.12273
1.11506
1.10739
2.40427
2.3854
2.36654
2.34767
2.3288
2.30993
2.29106
2.2722
2.25333
2.23446
2.21559
2.19673
2.17786
2.15899
2.14012
2.12125
2.10239
2.08352
2.06465
2.04578
2.02691
2.00805
1.98918
1.97031
1.95144
1.93257
1.91371
1.89484
1.87597
1.8571
1.83823
1.81937
1.8005
1.78163
1.76276
1.7439
1.72503
1.70616
1.68729
1.66842
1.64956
1.63069
1.61182
1.59295
1.57408
1.55522
1.53635
1.51748
1.49861
1.47974
1.46088
1.44201
1.42314
1.40427
1.3854
1.36654
1.34767
1.3288
1.30993
1.29106
1.2722
1.25333
1.23446
1.22665
1.21883
1.21101
1.2032
1.19538
1.18757
1.17975
1.17194
1.16412
1.15631
1.14849
1.14068
1.13286
1.12505
1.11723
1.10942
1.1016
1.09378
2.36562
2.34639
2.32716
2.30793
2.2887
2.26947
2.25024
2.231
2.21177
2.19254
2.17331
2.15408
2.13485
2.11562
2.09639
2.07716
2.05793
2.0387
2.01947
2.00024
1.981
1.96177
1.94254
1.92331
1.90408
1.88485
1.86562
1.84639
1.82716
1.80793
1.7887
1.76947
1.75024
1.731
1.71177
1.69254
1.67331
1.65408
1.63485
1.61562
1.59639
1.57716
1.55793
1.5387
1.51947
1.50024
1.481
1.46177
1.44254
1.42331
1.40408
1.38485
1.36562
1.34639
1.32716
1.30793
1.2887
1.26947
1.25024
1.231
1.22304
1.21507
1.20711
1.19914
1.19118
1.18321
1.17524
1.16728
1.15931
1.15135
1.14338
1.13542
1.12745
1.11948
1.11152
1.10355
1.09559
1.08762
2.32545
2.30584
2.28624
2.26663
2.24702
2.22741
2.2078
2.1882
2.16859
2.14898
2.12937
2.10976
2.09016
2.07055
2.05094
2.03133
2.01173
1.99212
1.97251
1.9529
1.93329
1.91369
1.89408
1.87447
1.85486
1.83526
1.81565
1.79604
1.77643
1.75682
1.73722
1.71761
1.698
1.67839
1.65878
1.63918
1.61957
1.59996
1.58035
1.56075
1.54114
1.52153
1.50192
1.48231
1.46271
1.4431
1.42349
1.40388
1.38427
1.36467
1.34506
1.32545
1.30584
1.28624
1.26663
1.24702
1.22741
1.21929
1.21117
1.20305
1.19492
1.1868
1.17868
1.17056
1.16244
1.15432
1.14619
1.13807
1.12995
1.12183
1.11371
1.10558
1.09746
1.08934
1.08122
2.30368
2.28368
2.26368
2.24368
2.22368
2.20368
2.18368
2.16368
2.14368
2.12368
2.10368
2.08368
2.06368
2.04368
2.02368
2.00368
1.98368
1.96368
1.94368
1.92368
1.90368
1.88368
1.86368
1.84368
1.82368
1.80368
1.78368
1.76368
1.74368
1.72368
1.70368
1.68368
1.66368
1.64368
1.62368
1.60368
1.58368
1.56368
1.54368
1.52368
1.50368
1.48368
1.46368
1.44368
1.42368
1.40368
1.38368
1.36368
1.34368
1.32368
1.30368
1.28368
1.26368
1.24368
1.22368
1.21539
1.20711
1.19882
1.19054
1.18225
1.17397
1.16569
1.1574
1.14912
1.14083
1.13255
1.12426
1.11598
1.1077
1.09941
1.09113
1.08284
1.07456
2.2606
2.2402
2.21979
2.19938
2.17897
2.15856
2.13815
2.11775
2.09734
2.07693
2.05652
2.03611
2.01571
1.9953
1.97489
1.95448
1.93407
1.91366
1.89326
1.87285
1.85244
1.83203
1.81162
1.79122
1.77081
1.7504
1.72999
1.70958
1.68918
1.66877
1.64836
1.62795
1.60754
1.58713
1.56673
1.54632
1.52591
1.5055
1.48509
1.46469
1.44428
1.42387
1.40346
1.38305
1.36264
1.34224
1.32183
1.30142
1.28101
1.2606
1.2402
1.21979
1.21133
1.20288
1.19443
1.18597
1.17752
1.16907
1.16061
1.15216
1.14371
1.13525
1.1268
1.11835
1.10989
1.10144
1.09299
1.08453
1.07608
1.06763
2.1949
2.17407
2.15324
2.1324
2.11157
2.09074
2.0699
2.04907
2.02824
2.0074
1.98657
1.96574
1.9449
1.92407
1.90324
1.8824
1.86157
1.84074
1.8199
1.79907
1.77824
1.7574
1.73657
1.71574
1.6949
1.67407
1.65324
1.6324
1.61157
1.59074
1.5699
1.54907
1.52824
1.5074
1.48657
1.46574
1.4449
1.42407
1.40324
1.3824
1.36157
1.34074
1.3199
1.29907
1.27824
1.2574
1.23657
1.21574
1.20711
1.19848
1.18985
1.18122
1.17259
1.16396
1.15533
1.1467
1.13807
1.12944
1.12081
1.11218
1.10355
1.09492
1.08629
1.07767
1.06904
1.06041
2.16531
2.14403
2.12276
2.10148
2.0802
2.05893
2.03765
2.01637
1.9951
1.97382
1.95254
1.93127
1.90999
1.88871
1.86744
1.84616
1.82488
1.80361
1.78233
1.76105
1.73978
1.7185
1.69723
1.67595
1.42428
1.403
1.38173
1.36045
1.33917
1.3179
1.29662
1.27534
1.25407
1.23279
1.21151
1.2027
1.19389
1.18507
1.17626
1.16745
1.15864
1.14982
1.14101
1.1322
1.12338
1.11457
1.10576
1.09694
1.08813
1.07932
1.0705
1.06169
1.05288
1.33754
1.3158
1.29406
1.27232
1.25059
1.22885
1.20711
1.1981
1.1891
1.18009
1.17109
1.16208
1.15308
1.14407
1.13507
1.12607
1.11706
1.10806
1.09905
1.09005
1.08104
1.07204
1.06303
1.05403
1.04502
1.29139
1.26917
1.24695
1.22473
1.2025
1.1933
1.1841
1.17489
1.16569
1.15648
1.14728
1.13807
1.12887
1.11966
1.11046
1.10125
1.09205
1.08284
1.07364
1.06443
1.05523
1.04602
1.03682
1.24315
1.22042
1.19769
1.18828
1.17887
1.16945
1.16004
1.15062
1.14121
1.1318
1.12238
1.11297
1.10355
1.09414
1.08473
1.07531
1.0659
1.05648
1.04707
1.03766
1.23917
1.21591
1.19266
1.18302
1.17339
1.16376
1.15413
1.14449
1.13486
1.12523
1.11559
1.10596
1.09633
1.0867
1.07706
1.06743
1.0578
1.04816
1.03853
1.0289
1.21119
1.18738
1.17752
1.16766
1.1578
1.14793
1.13807
1.12821
1.11835
1.10848
1.09862
1.08876
1.0789
1.06904
1.05917
1.04931
1.03945
1.02959
1.20624
1.18185
1.17175
1.16164
1.15154
1.14144
1.13134
1.12123
1.11113
1.10103
1.09092
1.08082
1.07072
1.06062
1.05051
1.04041
1.03031
1.02021
1.17604
1.16569
1.15533
1.14497
1.13462
1.12426
1.11391
1.10355
1.0932
1.08284
1.07249
1.06213
1.05178
1.04142
1.03107
1.02071
1.16993
1.15931
1.14869
1.13807
1.12745
1.11683
1.10621
1.09559
1.08497
1.07435
1.06373
1.0531
1.04248
1.03186
1.02124
1.01062
1.16351
1.15261
1.1417
1.1308
1.1199
1.109
1.0981
1.0872
1.0763
1.0654
1.0545
1.0436
1.0327
1.0218
1.0109
1.15673
1.14553
1.13434
1.12314
1.11195
1.10075
1.08956
1.07836
1.06717
1.05597
1.04478
1.03358
1.02239
1.0112
1
1.10355
1.11506
1.12657
1.13807
1.14958
1.16108
1.16108
1.14958
1.13807
1.12657
1.11506
1.10355
1.09205
1.08054
1.06904
1.05753
1.04602
1.03452
1.02301
1.01151
1
1.08284
1.09468
1.10651
1.11835
1.13018
1.14202
1.15385
1.16569
1.17752
1.18935
1.15385
1.14202
1.13018
1.11835
1.10651
1.09468
1.08284
1.07101
1.05917
1.04734
1.0355
1.02367
1.01183
1
1
1.0731
1.08528
1.09746
1.10964
1.12183
1.13401
1.14619
1.15838
1.17056
1.18274
1.19492
1.20711
1.14619
1.13401
1.12183
1.10964
1.09746
1.08528
1.0731
1.06091
1.04873
1.03655
1.02437
1.01218
1
1
1.05021
1.06276
1.07531
1.08786
1.10042
1.11297
1.12552
1.13807
1.15062
1.16317
1.17573
1.18828
1.20083
1.21338
1.16317
1.15062
1.13807
1.12552
1.11297
1.10042
1.08786
1.07531
1.13807
1.12552
1.11297
1.10042
1.08786
1.07531
1.06276
1.05021
1.03766
1.0251
1.01255
1
1
1.03883
1.05178
1.06472
1.07766
1.09061
1.10355
1.1165
1.12944
1.14239
1.15533
1.16827
1.18122
1.19416
1.20711
1.22005
1.233
1.19416
1.18122
1.16827
1.15533
1.14239
1.12944
1.1165
1.10355
1.09061
1.07766
1.06472
1.14239
1.12944
1.1165
1.10355
1.09061
1.07766
1.06472
1.05178
1.03883
1.02589
1.01294
1
1
1
1.02672
1.04009
1.05345
1.06681
1.08017
1.09353
1.10689
1.12026
1.13362
1.14698
1.16034
1.1737
1.18706
1.20043
1.21379
1.22715
1.24051
1.20043
1.18706
1.1737
1.16034
1.14698
1.13362
1.12026
1.10689
1.09353
1.08017
1.06681
1.05345
1.04009
1.13362
1.12026
1.10689
1.09353
1.08017
1.06681
1.05345
1.04009
1.02672
1.01336
1
1
1
1.01381
1.02761
1.04142
1.05523
1.06904
1.08284
1.09665
1.11046
1.12426
1.13807
1.15188
1.16569
1.17949
1.1933
1.20711
1.22091
1.23472
1.24853
1.22091
1.20711
1.1933
1.17949
1.16569
1.15188
1.13807
1.12426
1.11046
1.09665
1.08284
1.06904
1.05523
1.04142
1.02761
1.13807
1.12426
1.11046
1.09665
1.08284
1.06904
1.05523
1.04142
1.02761
1.01381
1
1
1
1
1
1.01428
1.02857
1.04285
1.05713
1.07142
1.0857
1.09998
1.11427
1.12855
1.14283
1.15712
1.1714
1.18568
1.19996
1.21425
1.22853
1.24281
1.2571
1.24281
1.22853
1.21425
1.19996
1.18568
1.1714
1.15712
1.14283
1.12855
1.11427
1.09998
1.0857
1.07142
1.05713
1.04285
1.02857
1.01428
1.12855
1.11427
1.09998
1.0857
1.07142
1.05713
1.04285
1.02857
1.01428
1
1
1
1
1
1.01479
1.02959
1.04438
1.05917
1.07397
1.08876
1.10355
1.11835
1.13314
1.14793
1.16273
1.17752
1.19231
1.20711
1.2219
1.23669
1.25149
1.26628
1.25149
1.23669
1.2219
1.20711
1.19231
1.17752
1.16273
1.14793
1.13314
1.11835
1.10355
1.08876
1.07397
1.05917
1.04438
1.02959
1.01479
1
1.13314
1.11835
1.10355
1.08876
1.07397
1.05917
1.04438
1.02959
1.01479
1
1
1
1
1
1
1
1.01534
1.03068
1.04602
1.06136
1.07671
1.09205
1.10739
1.12273
1.13807
1.15341
1.16875
1.18409
1.19944
1.21478
1.23012
1.24546
1.2608
1
1.2608
1.24546
1.23012
1.21478
1.19944
1.18409
1.16875
1.15341
1.13807
1.12273
1.10739
1.09205
1.07671
1.06136
1.04602
1.03068
1.01534
1
1.12273
1.10739
1.09205
1.07671
1.06136
1.04602
1.03068
1.01534
1
1
1
1
1
1
1
1
1.01593
1.03186
1.04779
1.06373
1.07966
1.09559
1.11152
1.12745
1.14338
1.15931
1.17524
1.19118
1.20711
1.22304
1.23897
1.2549
1.27083
1.04779
1.03186
1.01593
1
1
1
1
1
1
1.27083
1.2549
1.23897
1.22304
1.20711
1.19118
1.17524
1.15931
1.14338
1.12745
1.11152
1.09559
1.07966
1.06373
1.04779
1.03186
1.01593
1
1
1.12745
1.11152
1.09559
1.07966
1.06373
1.04779
1.03186
1.01593
1
1
1
1
1
1
1
1
1
1
1.01657
1.03314
1.04971
1.06627
1.08284
1.09941
1.11598
1.13255
1.14912
1.16569
1.18225
1.19882
1.21539
1.23196
1.24853
1.2651
1.06627
1.04971
1.03314
1.01657
1
1
1
1
1
1
1
1
1.28167
1.2651
1.24853
1.23196
1.21539
1.19882
1.18225
1.16569
1.14912
1.13255
1.11598
1.09941
1.08284
1.06627
1.04971
1.03314
1.01657
1
1
1
1.11598
1.09941
1.08284
1.06627
1.04971
1.03314
1.01657
1
1
1
1
1
1
1
1
1
1
1.01726
1.03452
1.05178
1.06904
1.08629
1.10355
1.12081
1.13807
1.15533
1.17259
1.18985
1.20711
1.22437
1.24162
1.25888
1.30055
1.10355
1.08629
1.06904
1.05178
1.03452
1.01726
1
1
1
1
1
1
1
1
1
1.18985
1.20711
1.22437
1.24162
1.25888
1.27614
1.2934
1.31066
1.35233
1.39399
1.27614
1.25888
1.24162
1.22437
1.20711
1.18985
1.17259
1.15533
1.13807
1.12081
1.10355
1.08629
1.06904
1.05178
1.03452
1.01726
1
1
1
1.12081
1.10355
1.08629
1.06904
1.05178
1.03452
1.01726
1
1
1
1
1
1
1
1
1
1
1
1
1.01801
1.03602
1.05403
1.07204
1.09005
1.10806
1.12606
1.14407
1.16208
1.18009
1.1981
1.21611
1.23412
1.25213
1.29561
1.10806
1.09005
1.07204
1.05403
1.03602
1.01801
1
1
1
1
1
1
1
1
1
1
1
1.16208
1.18009
1.1981
1.21611
1.23412
1.25213
1.27014
1.28815
1.30616
1.34964
1.39311
1.43659
1.42913
1.38565
1.34218
1.28815
1.27014
1.25213
1.23412
1.21611
1.1981
1.18009
1.16208
1.14407
1.12606
1.10806
1.09005
1.07204
1.05403
1.03602
1.01801
1
1
1
1
1.10806
1.09005
1.07204
1.05403
1.03602
1.01801
1
1
1
1
1
1
1
1
1
1
1
1
1
1.01883
1.03766
1.05648
1.07531
1.09414
1.11297
1.1318
1.15062
1.16945
1.18828
1.20711
1.22593
1.24476
1.29022
1.1318
1.11297
1.09414
1.07531
1.05648
1.03766
1.01883
1
1
1
1
1
1
1
1
1
1
1
1.1318
1.15062
1.16945
1.18828
1.20711
1.22593
1.24476
1.26359
1.28242
1.30125
1.3467
1.39216
1.43761
1.48306
1.47527
1.42981
1.38436
1.3389
1.32007
1.30125
1.32787
1.28242
1.26359
1.24476
1.22593
1.20711
1.18828
1.16945
1.15062
1.1318
1.11297
1.09414
1.07531
1.05648
1.03766
1.01883
1
1
1
1
1
1.11297
1.09414
1.07531
1.05648
1.03766
1.01883
1
1
1
1
1
1
1
1
1
1
1
1
1
1
1.01972
1.03945
1.05917
1.0789
1.09862
1.11835
1.13807
1.1578
1.17752
1.19724
1.21697
1.23669
1.05917
1.13807
1.11835
1.09862
1.0789
1.05917
1.03945
1.01972
1
1
1
1
1
1
1
1
1
1
1
1
1.11835
1.13807
1.1578
1.17752
1.19724
1.21697
1.23669
1.25642
1.27614
1.29587
1.34349
1.3911
1.43872
1.48634
1.53396
1.52579
1.47817
1.43055
1.38293
1.33532
1.31559
1.29587
1.27614
1.25642
1.32376
1.27614
1.25642
1.23669
1.21697
1.19724
1.17752
1.1578
1.13807
1.11835
1.09862
1.0789
1.05917
1.03945
1.01972
1
1
1
1
1
1.09862
1.0789
1.05917
1.03945
1.01972
1
1
1
1
1
1
1
1
1
1
1
1
1
1
1
1.02071
1.04142
1.06213
1.08284
1.10355
1.12426
1.14497
1.16569
1.1864
1.20711
1.22782
1
1.02071
1.04142
1.06213
1.08284
1.06213
1.04142
1.02071
1
1
1
1.16569
1.14497
1.12426
1.10355
1.08284
1.06213
1.04142
1.02071
1
1
1
1
1
1
1
1
1
1
1
1
1
1.10355
1.12426
1.14497
1.16569
1.1864
1.20711
1.22782
1.24853
1.26924
1.28995
1.33995
1.38995
1.43995
1.48995
1.53995
1.58995
1.58137
1.53137
1.48137
1.43137
1.38137
1.33137
1.31066
1.28995
1.26924
1.24853
1.22782
1.20711
1.1864
1.31924
1.26924
1.24853
1.22782
1.20711
1.1864
1.16569
1.14497
1.12426
1.10355
1.08284
1.06213
1.04142
1.02071
1
1
1
1
1
1
1.10355
1.08284
1.06213
1.04142
1.02071
1
1
1
1
1
1
1
1
1
1
1
1
1
1
1
1
1
1.0218
1.0436
1.0654
1.0872
1.109
1.1308
1.1526
1.17441
1.19621
1.21801
1
1
1
1.0218
1.0436
1.0654
1.0872
1.0654
1.0436
1.0218
1
1
1
1
1
1.17441
1.1526
1.1308
1.109
1.0872
1.0654
1.0436
1.0218
1
1
1
1
1
1
1
1
1
1
1
1
1
1.0872
1.109
1.1308
1.1526
1.17441
1.19621
1.21801
1.23981
1.26161
1.28341
1.33604
1.38867
1.4413
1.49394
1.54657
1.5992
1.65183
1.6428
1.59017
1.53754
1.48491
1.43227
1.37964
1.32701
1.30521
1.28341
1.26161
1.23981
1.21801
1.19621
1.17441
1.1526
1.1308
1.109
1.0872
1.31424
1.26161
1.23981
1.21801
1.19621
1.17441
1.1526
1.1308
1.109
1.0872
1.0654
1.0436
1.0218
1
1
1
1
1
1
1.109
1.0872
1.0654
1.0436
1.0218
1
1
1
1
1
1
1
1
1
1
1
1
1
1
1
1
1
1.02301
1.04602
1.06904
1.09205
1.11506
1.13807
1.16108
1.18409
1.20711
1
1
1
1
1
1.02301
1.04602
1.06904
1.09205
1.06904
1.04602
1.02301
1
1
1
1
1
1
1.18409
1.16108
1.13807
1.11506
1.09205
1.06904
1.04602
1.02301
1
1
1
1
1
1
1
1
1
1
1
1
1
1
1.06904
1.09205
1.11506
1.13807
1.16108
1.18409
1.20711
1.23012
1.25313
1.27614
1.3317
1.38725
1.44281
1.49836
1.55392
1.60948
1.66503
1.72059
1.71105
1.6555
1.59994
1.54439
1.48883
1.43328
1.37772
1.32217
1.29915
1.27614
1.25313
1.23012
1.20711
1.18409
1.16108
1.13807
1.11506
1.09205
1.06904
1.04602
1.02301
1
1
1
1.30869
1.25313
1.23012
1.20711
1.18409
1.16108
1.13807
1.11506
1.09205
1.06904
1.04602
1.02301
1
1
1
1
1
1
1
1.09205
1.06904
1.04602
1.02301
1
1
1
1
1
1
1
1
1
1
1
1
1
1
1
1
1
1
1
1.02437
1.04873
1.0731
1.09746
1.12183
1.14619
1.17056
1.19492
1
1
1
1
1
1
1
1.02437
1.04873
1.0731
1.09746
1.0731
1.04873
1.02437
1
1
1
1
1
1
1
1.19492
1.17056
1.14619
1.12183
1.09746
1.0731
1.04873
1.02437
1
1
1
1
1
1
1
1
1
1
1
1
1
1
1.02437
1.04873
1.0731
1.09746
1.12183
1.14619
1.17056
1.19492
1.21929
1.24365
1.26802
1.32684
1.38567
1.44449
1.50331
1.56214
1.62096
1.67978
1.73861
1.79743
1.78734
1.72852
1.66969
1.61087
1.55205
1.49322
1.4344
1.37557
1.31675
1.29239
1.26802
1.24365
1.21929
1.19492
1.17056
1.14619
1.12183
1.09746
1.0731
1.04873
1.02437
1
1
1
1
1
1
1
1
1
1
1
1
1
1
1
1.30248
1.24365
1.21929
1.19492
1.17056
1.14619
1.12183
1.09746
1.0731
1.04873
1.02437
1
1
1
1
1
1
1
1.09746
1.0731
1.04873
1.02437
1
1
1
1
1
1
1
1
1
1
1
1
1
1
1
1
1
1
1
1
1.02589
1.05178
1.07766
1.10355
1.12944
1.15533
1.18122
1
1
1
1
1
1
1
1
1.02589
1.05178
1.07766
1.10355
1.07766
1.05178
1.02589
1
1
1
1
1
1
1
1
1.18122
1.15533
1.12944
1.10355
1.07766
1.05178
1.02589
1
1
1
1
1
1
1
1
1
1
1
1
1
1
1
1
1.02589
1.05178
1.07766
1.10355
1.12944
1.15533
1.18122
1.20711
1.23299
1.25888
1.32138
1.38388
1.44638
1.50888
1.57138
1.63388
1.69638
1.75888
1.82138
1.88388
1.87316
1.81066
1.74816
1.68566
1.62316
1.56066
1.49816
1.43566
1.37316
1.31066
1.28477
1.25888
1.23299
1.20711
1.18122
1.15533
1.12944
1.10355
1.07766
1.05178
1.02589
1
1
1
1
1
1
1
1
1
1
1
1
1
1
1
1
1
1
1
1
1
1
1.29549
1.23299
1.20711
1.18122
1.15533
1.12944
1.10355
1.07766
1.05178
1.02589
1
1
1
1
1
1
1
1.07766
1.05178
1.02589
1
1
1
1
1
1
1
1
1
1
1
1
1
1
1
1
1
1
1
1
1
1
1
1
1
1.02761
1.05523
1.08284
1.11046
1.13807
1.16569
1
1
1
1
1
1
1
1
1
1.02761
1.05523
1.08284
1.11046
1.08284
1.05523
1.02761
1
1
1
1
1
1
1
1
1
1.1933
1.16569
1.13807
1.11046
1.08284
1.05523
1.02761
1
1
1
1
1
1
1
1
1
1
1
1
1
1
1
1
1
1
1.02761
1.05523
1.08284
1.11046
1.13807
1.16569
1.1933
1.22091
1.24853
1.31519
1.38186
1.44853
1.51519
1.58186
1.64853
1.71519
1.78186
1.84853
1.91519
1.98186
1.97042
1.90376
1.83709
1.77042
1.70376
1.63709
1.57042
1.50376
1.43709
1.37042
1.30376
1.27614
1.24853
1.22091
1.1933
1.16569
1.13807
1.11046
1.08284
1.05523
1.02761
1
1
1
1
1
1
1
1
1
1
1
1
1
1
1
1
1
1
1
1
1
1
1
1
1
1
1
1
1.28758
1.22091
1.1933
1.16569
1.13807
1.11046
1.08284
1.05523
1.02761
1
1
1
1
1
1
1
1
1.08284
1.05523
1.02761
1
1
1
1
1
1
1
1
1
1
1
1
1
1
1
1
1
1
1
1
1
1
1
1
1
1
1
1
1.02959
1.05917
1.08876
1.11835
1.14793
1
1
1
1
1
1
1
1
1
1
1.02959
1.05917
1.08876
1.11835
1.08876
1.05917
1.02959
1
1
1
1
1
1
1
1
1
1.20711
1.17752
1.14793
1.11835
1.08876
1.05917
1.02959
1
1
1
1
1
1
1
1
1
1
1
1
1
1
1
1
1
1
1
1
1
1.02959
1.05917
1.08876
1.11835
1.14793
1.17752
1.20711
1.23669
1.30812
1.37955
1.45098
1.52241
1.59384
1.66526
1.73669
1.80812
1.87955
1.95098
2.02241
2.09384
2.08158
2.01015
1.93872
1.8673
1.79587
1.72444
1.65301
1.58158
1.51015
1.43872
1.3673
1.29587
1.26628
1.23669
1.20711
1.17752
1.14793
1.11835
1.08876
1.05917
1.02959
1
1
1
1
1
1
1
1
1
1
1
1
1
1
1
1
1
1
1
1
1
1
1
1
1
1
1
1
1
1
1
1.20711
1.17752
1.14793
1.11835
1.08876
1.05917
1.02959
1
1
1
1
1
1
1
1
1.08876
1.05917
1.02959
1
1
1
1
1
1
1
1
1
1
1
1
1
1
1
1
1
1
1
1
1
1
1
1
1
1
1
1
1
1
1.03186
1.06373
1.09559
1.12745
1.15931
1
1
1
1
1
1
1
1
1
1
1
1.03186
1.06373
1.09559
1.12745
1.09559
1.06373
1.03186
1
1
1
1
1
1
1
1
1
1
1.19118
1.15931
1.12745
1.09559
1.06373
1.03186
1
1
1
1
1
1
1
1
1
1
1
1
1
1
1
1
1
1
1
1
1
1
1
1
1
1.03186
1.06373
1.09559
1.12745
1.15931
1.19118
1.22304
1.29996
1.37688
1.45381
1.53073
1.60765
1.68458
1.7615
1.83842
1.91535
1.99227
2.06919
2.14611
2.22304
2.20984
2.13292
2.05599
1.97907
1.90215
1.82522
1.7483
1.67138
1.59446
1.51753
1.44061
1.36369
1.28676
1.2549
1.22304
1.19118
1.15931
1.12745
1.09559
1.06373
1.03186
1
1
1
1
1
1
1
1
1
1
1
1
1
1
1
1
1
1
1
1
1
1
1
1
1
1
1
1
1
1
1
1
1
1
1.19118
1.15931
1.12745
1.09559
1.06373
1.03186
1
1
1
1
1
1
1
1
1
1.06373
1.03186
1
1
1
1
1
1
1
1
1
1
1
1
1
1
1
1
1
1
1
1
1
1
1
1
1
1
1
1
1
1
1
1
1
1.03452
1.06904
1.10355
1.13807
1
1
1
1
1
1
1
1
1
1
1
1.03452
1.06904
1.10355
1.13807
1.10355
1.06904
1.03452
1
1
1
1
1
1
1
1
1
1
1.17259
1.13807
1.10355
1.06904
1.03452
1
1
1
1
1
1
1
1
1
1
1
1
1
1
1
1
1
1
1
1
1
1
1
1
1
1
1
1.03452
1.06904
1.10355
1.13807
1.17259
1.20711
1.29044
1.37377
1.45711
1.54044
1.62377
1.70711
1.79044
1.87377
1.95711
2.04044
2.12377
2.20711
2.29044
2.37377
2.35948
2.27614
2.19281
2.10948
2.02614
1.94281
1.85948
1.77614
1.69281
1.60948
1.52614
1.44281
1.35948
1.27614
1.24162
1.20711
1.17259
1.13807
1.10355
1.06904
1.03452
1
1
1
1
1
1
1
1
1
1
1
1
1
1
1
1
1
1
1
1
1
1
1
1
1
1
1
1
1
1
1
1
1
1
1
1
1
1
1
1
1
1.17259
1.13807
1.10355
1.06904
1.03452
1
1
1
1
1
1
1
1
1
1.06904
1.03452
1
1
1
1
1
1
1
1
1
1
1
1
1
1
1
1
1
1
1
1
1
1
1
1
1
1
1
1
1
1
1
1
1
1
1
1
1
1
1
1.03766
1.07531
1.11297
1
1
1
1
1
1
1
1
1
1
1
1
1.03766
1.07531
1.11297
1.15062
1.11297
1.07531
1.03766
1
1
1
1
1
1
1
1
1
1
1
1.18828
1.15062
1.11297
1.07531
1.03766
1
1
1
1
1
1
1
1
1
1
1
1
1
1
1
1
1
1
1
1
1
1
1
1
1
1
1
1
1
1.03766
1.07531
1.11297
1.15062
1.18828
1.27919
2.17268
2.26359
2.3545
2.44541
2.53632
2.62723
2.53632
2.44541
2.3545
2.26359
2.17268
2.08177
1.99086
1.89995
1.80904
1.71814
1.62723
1.53632
1.44541
1.3545
1.26359
1.22593
1.18828
1.15062
1.11297
1.07531
1.03766
1
1
1
1
1
1
1
1
1
1
1
1
1
1
1
1
1
1
1
1
1
1
1
1
1
1
1
1
1
1
1
1
1
1
1
1
1
1
1
1
1
1
1
1
1
1
1
1
1
1.18828
1.15062
1.11297
1.07531
1.03766
1
1
1
1
1
1
1
1
1
1.07531
1.03766
1
1
1
1
1
1
1
1
1
1
1
1
1
1
1
1
1
1
1
1
1
1
1
1
1
1
1
1
1
1
1
1
1
1
1
1
1
1
1
1
1
1
1
1
1
1
1.04142
1.08284
1.12426
1
1
1
1
1
1
1
1
1
1
1
1
1
1.04142
1.08284
1.12426
1.16569
1.12426
1.08284
1.04142
1
1
1
1
1
1
1
1
1
1
1
1.16569
1.12426
1.08284
1.04142
1
1
1
1
1
1
1
1
1
1
1
1
1
1
1
1
1
1
1
1
1
1
1
1
1
1
1
1
1
1
1.04142
1.08284
1.12426
1.16569
2.74853
2.64853
2.54853
2.44853
2.34853
2.24853
2.14853
2.04853
1.94853
1.84853
1.74853
1.64853
1.54853
1.44853
1.34853
1.24853
1.20711
1.16569
1.12426
1.08284
1.04142
1
1
1
1
1
1
1
1
1
1
1
1
1
1
1
1
1
1
1
1
1
1
1
1
1
1
1
1
1
1
1
1
1
1
1
1
1
1
1
1
1
1
1
1
1
1
1
1
1
1
1
1
1
1.16569
1.12426
1.08284
1.04142
1
1
1
1
1
1
1
1
1
1
1.08284
1.04142
1
1
1
1
1
1
1
1
1
1
1
1
1
1
1
1
1
1
1
1
1
1
1
1
1
1
1
1
1
1
1
1
1
1
1
1
1
1
1
1
1
1
1
1
1
1
1
1
1
1.04602
1.09205
1
1
1
1
1
1
1
1
1
1
1
1
1
1.04602
1.09205
1.13807
1.18409
1.13807
1.09205
1.04602
1
1
1
1
1
1
1
1
1
1
1
1.13807
1.09205
1.04602
1
1
1
1
1
1
1
1
1
1
1
1
1
1
1
1
1
1
1
1
1
1
1
1
1
1
1
1
1
1
1
1.04602
1.09205
1.13807
1.56345
1.45234
1.34123
1.23012
1.18409
1.13807
1.09205
1.04602
1
1
1
1
1
1
1
1
1
1
1
1
1
1
1
1
1
1
1
1
1
1
1
1
1
1
1
1
1
1
1
1
1
1
1
1
1
1
1
1
1
1
1
1
1
1
1
1
1
1
1
1
1
1
1
1
1
1.13807
1.09205
1.04602
1
1
1
1
1
1
1
1
1
1
1.04602
1
1
1
1
1
1
1
1
1
1
1
1
1
1
1
1
1
1
1
1
1
1
1
1
1
1
1
1
1
1
1
1
1
1
1
1
1
1
1
1
1
1
1
1
1
1
1
1
1
1
1
1
1
1
1
1
1.05178
1.10355
1
1
1
1
1
1
1
1
1
1
1
1
1
1
1.05178
1.10355
1.15533
1.20711
1.15533
1.10355
1.05178
1
1
1
1
1
1
1
1
1
1
1
1.15533
1.10355
1.05178
1
1
1
1
1
1
1
1
1
1
1
1
1
1
1
1
1
1
1
1
1
1
1
1
1
1
1
1
1
1
1
1
1.05178
1.10355
1.33211
1.20711
1.15533
1.10355
1.05178
1
1
1
1
1
1
1
1
1
1
1
1
1
1
1
1
1
1
1
1
1
1
1
1
1
1
1
1
1
1
1
1
1
1
1
1
1
1
1
1
1
1
1
1
1
1
1
1
1
1
1
1
1
1
1
1
1
1
1
1
1.10355
1.05178
1
1
1
1
1
1
1
1
1
1
1.05178
1
1
1
1
1
1
1
1
1
1
1
1
1
1
1
1
1
1
1
1
1
1
1
1
1
1
1
1
1
1
1
1
1
1
1
1
1
1
1
1
1
1
1
1
1
1
1
1
1
1
1
1
1
1
1
1
1
1
1.05917
1.11835
1
1
1
1
1
1
1
1
1
1
1
1
1
1
1.05917
1.11835
1.17752
1.23669
1.17752
1.11835
1.05917
1
1
1
1
1
1
1
1
1
1
1
1.11835
1.05917
1
1
1
1
1
1
1
1
1
1
1
1
1
1
1
1
1
1
1
1
1
1
1
1
1
1
1
1
1
1
1
1
1.05917
1.17752
1.11835
1.05917
1
1
1
1
1
1
1
1
1
1
1
1
1
1
1
1
1
1
1
1
1
1
1
1
1
1
1
1
1
1
1
1
1
1
1
1
1
1
1
1
1
1
1
1
1
1
1
1
1
1
1
1
1
1
1
1
1
1
1
1
1
1
1.11835
1.05917
1
1
1
1
1
1
1
1
1
1
1.05917
1
1
1
1
1
1
1
1
1
1
1
1
1
1
1
1
1
1
1
1
1
1
1
1
1
1
1
1
1
1
1
1
1
1
1
1
1
1
1
1
1
1
1
1
1
1
1
1
1
1
1
1
1
1
1
1
1
1
1
1
1.06904
1
1
1
1
1
1
1
1
1
1
1
1
1
1
1
1.06904
1.13807
1.20711
1.27614
1.20711
1.13807
1.06904
1
1
1
1
1
1
1
1
1
1
1
1.06904
1
1
1
1
1
1
1
1
1
1
1
1
1
1
1
1
1
1
1
1
1
1
1
1
1
1
1
1
1
1
1
1
1
1
1.06904
1.13807
1.06904
1
1
1
1
1
1
1
1
1
1
1
1
1
1
1
1
1
1
1
1
1
1
1
1
1
1
1
1
1
1
1
1
1
1
1
1
1
1
1
1
1
1
1
1
1
1
1
1
1
1
1
1
1
1
1
1
1
1
1
1
1
1
1
1
1.06904
1
1
1
1
1
1
1
1
1
1
1
1.06904
1
1
1
1
1
1
1
1
1
1
1
1
1
1
1
1
1
1
1
1
1
1
1
1
1
1
1
1
1
1
1
1
1
1
1
1
1
1
1
1
1
1
1
1
1
1
1
1
1
1
1
1
1
1
1
1
1
1
1
1
1.08284
1
1
1
1
1
1
1
1
1
1
1
1
1
1
1
1.08284
1.16569
1.24853
1.33137
1.24853
1.16569
1.08284
1
1
1
1
1
1
1
1
1
1
1
1
1.08284
1
1
1
1
1
1
1
1
1
1
1
1
1
1
1
1
1
1
1
1
1
1
1
1
1
1
1
1
1
1
1
1
1
1
1.08284
1.08284
1
1
1
1
1
1
1
1
1
1
1
1
1
1
1
1
1
1
1
1
1
1
1
1
1
1
1
1
1
1
1
1
1
1
1
1
1
1
1
1
1
1
1
1
1
1
1
1
1
1
1
1
1
1
1
1
1
1
1
1
1
1
1
1
1
1.08284
1
1
1
1
1
1
1
1
1
1
1
1
1
1
1
1
1
1
1
1
1
1
1
1
1
1
1
1
1
1
1
1
1
1
1
1
1
1
1
1
1
1
1
1
1
1
1
1
1
1
1
1
1
1
1
1
1
1
1
1
1
1
1
1
1
1
1
1
1
1
1
1
1
1.10355
1
1
1
1
1
1
1
1
1
1
1
1
1
1
1
1.10355
1.20711
1.31066
1.56066
1.31066
1.20711
1.10355
1
1
1
1
1
1
1
1
1
1
1
1
1
1
1
1
1
1
1
1
1
1
1
1
1
1
1
1
1
1
1
1
1
1
1
1
1
1
1
1
1
1
1
1
1
1
1
1.10355
1
1
1
1
1
1
1
1
1
1
1
1
1
1
1
1
1
1
1
1
1
1
1
1
1
1
1
1
1
1
1
1
1
1
1
1
1
1
1
1
1
1
1
1
1
1
1
1
1
1
1
1
1
1
1
1
1
1
1
1
1
1
1
1
1
1
1
1
1.10355
1
1
1
1
1
1
1
1
1
1
1
1
1
1
1
1
1
1
1
1
1
1
1
1
1
1
1
1
1
1
1
1
1
1
1
1
1
1
1
1
1
1
1
1
1
1
1
1
1
1
1
1
1
1
1
1
1
1
1
1
1
1
1
1
1
1
1
1
1
1
1
1
1
1.13807
1
1
1
1
1
1
1
1
1
1
1
1
1
1
1
1.13807
1.27614
1.27614
1.13807
1
1
1
1
1
1
1
1
1
1
1
1
1
1
1
1
1
1
1
1
1
1
1
1
1
1
1
1
1
1
1
1
1
1
1
1
1
1
1
1
1
1
1
1
1
1
1
1
1
1
1
1
1
1
1
1
1
1
1
1
1
1
1
1
1
1
1
1
1
1
1
1
1
1
1
1
1
1
1
1
1
1
1
1
1
1
1
1
1
1
1
1
1
1
1
1
1
1
1
1
1
1
1
1
1
1
1
1
1
1
1
1
1
1
1
1.13807
1
1
1
1
1
1
1
1
1
1
1
1
1
1
1
1
1
1
1
1
1
1
1
1
1
1
1
1
1
1
1
1
1
1
1
1
1
1
1
1
1
1
1
1
1
1
1
1
1
1
1
1
1
1
1
1
1
1
1
1
1
1
1
1
1
1
1
1
1
1
1
1
1
1
1.20711
1
1
1
1
1
1
1
1
1
1
1
1
1
1
1
1
1.20711
1.20711
1
1
1
1
1
1
1
1
1
1
1
1
1
1
1
1
1
1
1
1
1
1
1
1
1
1
1
1
1
1
1
1
1
1
1
1
1
1
1
1
1
1
1
1
1
1
1
1
1
1
1
1
1
1
1
1
1
1
1
1
1
1
1
1
1
1
1
1
1
1
1
1
1
1
1
1
1
1
1
1
1
1
1
1
1
1
1
1
1
1
1
1
1
1
1
1
1
1
1
1
1
1
1
1
1
1
1
1
1
1
1
1
1
1
1
1
1
1
1
1
1
1
1
1
1
1
1
1
1
1
1
1
1
1
1
1
1
1
1
1
1
1
1
1
1
1
1
1
1
1
1
1
1
1
1
1
1
1
1
1
1
1
1
1
1
1
1
1
1
1
1
1
1
1
1
1
1
1
1
1
1
1
1
1
1
1
1
1
1
1
1
1
1
1
1
1
1
1
1
1
1
1
1
1
1
1
1
1
1
1
1
1
1
1
1
1
1
1
1
1
1
1
1
1
1
1
1
1
1
1
1
1
1
1
1
1
1
1
1
1
1
1
1
1
1
1
1
1
1
1
1
1
1
1
1
1
1
1
1
1
1
1
1
1
1
1
1
1
1
1
1
1
1
1
1
1
1
1
1
1
1
1
1
1
1
1
1
1
1
1
1
1
1
1
1
1
1
1
1
1
1
1
1
1
1
1
1
1
1
1
1
1
1
1
1
1
1
1
1
1
1
1
1
1
1
1
1
1
1
1
1
1
1
1
1
1
1
1
1
1
1
1
1
1
1
1
1
1
1
1
1
1
1
1
1
1
1
1
1
1
1
1
1
1
1
1
1
1
1
1
1
1
1
1
1
1
1
1
1
1
1
1
1
1
1
1
1
1
1
1
1
1
1
1
1
1
1
1
1
1
1
1
1
1
1
1
1
1
1
1
1
1
1
1
1
1
1
1
1
1
1
1
1
1
1
1
1
1
1
1
1
1
1
1
1
1
1
1
1
1
1
1
1
1
1
1
1
1
1
1
1
1
1
1
1
1
1
1
1
1
1
1
1
1
1
1
1
1
1
1
1
1
1
1
1
1
1
1
1
1
1
1
1
1
1
1
1
1
1
1
1
1
1
1
1
1
1
1
1
1
1
1
1
1
1
1
1
1
1
1
1
1
1
1
1
1
1
1
1
1
1
1
1
1
1
1
1
1
1
1
1
1
1
1
1
1
1
1
1
1
1
1
1
1
1
1
1
1
1
1
1
1
1
1
1
1
1
1
1
1
1
1
1
1
1
1
1
1
1
