30589 1 24 24
30590 1 24 24
30591 1 24 24
30957 1.09005 25.0711 23
30987 1 23 23
30988 1 23 23
30989 1 23 23
30990 1 23 23
30991 1 23 23
30992 1 23 23
30993 1 23 23
30994 1.01801 23.4142 23
31353 1 22 22
31354 1.01883 22.4142 22
31355 1.03766 22.8284 22
31356 1.05648 23.2426 22
31357 1.07531 23.6569 22
31358 1.09414 24.0711 22
31359 1.11297 24.4853 22
31360 1.1318 24.8995 22
31361 1.15062 25.3137 22
31362 1.16945 25.7279 22
31387 1 22 22
31388 1 22 22
31389 1 22 22
31390 1 22 22
31391 1 22 22
31392 1 22 22
31393 1 22 22
31394 1 22 22
31395 1.01883 22.4142 22
31396 1.03766 22.8284 22
31752 1 21 21
31753 1 21 21
31754 1 21 21
31755 1.01972 21.4142 21
31756 1.03945 21.8284 21
31757 1.05917 22.2426 21
31758 1.0789 22.6569 21
31759 1.09862 23.0711 21
31760 1.11835 23.4853 21
31761 1.13807 23.8995 21
31762 1.1578 24.3137 21
31763 1.17752 24.7279 21
31764 1.19724 25.1421 21
31787 1 21 21
31788 1 21 21
31789 1 21 21
31790 1 21 21
31791 1 21 21
31792 1 21 21
31793 1 21 21
31794 1 21 21
31795 1 21 21
31796 1.01972 21.4142 21
31797 1.03945 21.8284 21
31798 1.05917 22.2426 21
32151 1 20 20
32152 1 20 20
32153 1 20 20
32154 1 20 20
32155 1 20 20
32156 1.02071 20.4142 20
32157 1.04142 20.8284 20
32158 1.06213 21.2426 20
32159 1.08284 21.6569 20
32160 1.10355 22.0711 20
32161 1.12426 22.4853 20
32162 1.14497 22.8995 20
32163 1.16569 23.3137 20
32164 1.1864 23.7279 20
32165 1.20711 24.1421 20
32166 1.22782 24.5563 20
32187 1 20 20
32188 1 20 20
32189 1 20 20
32190 1 20 20
32191 1 20 20
32192 1 20 20
32193 1 20 20
32194 1 20 20
32195 1 20 20
32196 1 20 20
32197 1.02071 20.4142 20
32198 1.04142 20.8284 20
32199 1.06213 21.2426 20
32315 1 20 20
32550 1 19 19
32551 1 19 19
32552 1 19 19
32553 1 19 19
32554 1 19 19
32555 1 19 19
32556 1 19 19
32557 1.0218 19.4142 19
32558 1.0436 19.8284 19
32559 1.0654 20.2426 19
32560 1.0872 20.6569 19
32561 1.109 21.0711 19
32562 1.1308 21.4853 19
32563 1.1526 21.8995 19
32564 1.17441 22.3137 19
32565 1.19621 22.7279 19
32566 1.21801 23.1421 19
32567 1.23981 23.5563 19
32568 1.26161 23.9706 19
32588 1 19 19
32589 1 19 19
32590 1 19 19
32591 1 19 19
32592 1 19 19
32593 1 19 19
32594 1 19 19
32595 1 19 19
32596 1 19 19
32597 1 19 19
32598 1.0218 19.4142 19
32599 1.0436 19.8284 19
32600 1.0654 20.2426 19
32601 1.0872 20.6569 19
32713 1 19 19
32714 1 19 19
32715 1 19 19
32716 1 19 19
32717 1 19 19
32718 1 19 19
32719 1 19 19
32949 1 18 18
32950 1 18 18
32951 1 18 18
32952 1 18 18
32953 1 18 18
32954 1 18 18
32955 1 18 18
32956 1 18 18
32957 1 18 18
32958 1.02301 18.4142 18
32959 1.04602 18.8284 18
32960 1.06904 19.2426 18
32961 1.09205 19.6569 18
32962 1.11506 20.0711 18
32963 1.13807 20.4853 18
32964 1.16108 20.8995 18
32965 1.18409 21.3137 18
32966 1.20711 21.7279 18
32967 1.23012 22.1421 18
32968 1.25313 22.5563 18
32969 1.27614 22.9706 18
32988 1 18 18
32989 1 18 18
32990 1 18 18
32991 1 18 18
32992 1 18 18
32993 1 18 18
32994 1 18 18
32995 1 18 18
32996 1 18 18
32997 1 18 18
32998 1 18 18
32999 1.02301 18.4142 18
33000 1.04602 18.8284 18
33001 1.06904 19.2426 18
33002 1.09205 19.6569 18
33112 1 18 18
33113 1 18 18
33114 1 18 18
33115 1 18 18
33116 1 18 18
33117 1 18 18
33118 1 18 18
33119 1 18 18
33120 1 18 18
33121 1 18 18
33122 1 18 18
33349 1 17 17
33350 1 17 17
33351 1 17 17
33352 1 17 17
33353 1 17 17
33354 1 17 17
33355 1 17 17
33356 1 17 17
33357 1 17 17
33358 1 17 17
33359 1.02437 17.4142 17
33360 1.04873 17.8284 17
33361 1.0731 18.2426 17
33362 1.09746 18.6569 17
33363 1.12183 19.0711 17
33364 1.14619 19.4853 17
33365 1.17056 19.8995 17
33366 1.19492 20.3137 17
33367 1.21929 20.7279 17
33368 1.24365 21.1421 17
33369 1.26802 21.5563 17
33370 1.29239 21.9706 17
33371 1.31675 22.3848 17
33389 1 17 17
33390 1 17 17
33391 1 17 17
33392 1 17 17
33393 1 17 17
33394 1 17 17
33395 1 17 17
33396 1 17 17
33397 1 17 17
33398 1 17 17
33399 1 17 17
33400 1.02437 17.4142 17
33401 1.04873 17.8284 17
33402 1.0731 18.2426 17
33403 1.09746 18.6569 17
33512 1 17 17
33513 1 17 17
33514 1 17 17
33515 1 17 17
33516 1 17 17
33517 1 17 17
33518 1 17 17
33519 1 17 17
33520 1 17 17
33521 1 17 17
33522 1 17 17
33523 1 17 17
33524 1 17 17
33748 1 16 16
33749 1 16 16
33750 1 16 16
33751 1 16 16
33752 1 16 16
33753 1 16 16
33754 1 16 16
33755 1 16 16
33756 1 16 16
33757 1 16 16
33758 1 16 16
33759 1 16 16
33760 1.02589 16.4142 16
33761 1.05178 16.8284 16
33762 1.07766 17.2426 16
33763 1.10355 17.6569 16
33764 1.12944 18.0711 16
33765 1.15533 18.4853 16
33766 1.18122 18.8995 16
33767 1.20711 19.3137 16
33768 1.23299 19.7279 16
33769 1.25888 20.1421 16
33770 1.28477 20.5563 16
33771 1.31066 20.9706 16
33772 1.33655 21.3848 16
33789 1 16 16
33790 1 16 16
33791 1 16 16
33792 1 16 16
33793 1 16 16
33794 1 16 16
33795 1 16 16
33796 1 16 16
33797 1 16 16
33798 1 16 16
33799 1 16 16
33800 1 16 16
33801 1.02589 16.4142 16
33802 1.05178 16.8284 16
33803 1.07766 17.2426 16
33804 1.10355 17.6569 16
33912 1 16 16
33913 1 16 16
33914 1 16 16
33915 1 16 16
33916 1 16 16
33917 1 16 16
33918 1 16 16
33919 1 16 16
33920 1 16 16
33921 1 16 16
33922 1 16 16
33923 1 16 16
33924 1 16 16
33925 1 16 16
34148 1 15 15
34149 1 15 15
34150 1 15 15
34151 1 15 15
34152 1 15 15
34153 1 15 15
34154 1 15 15
34155 1 15 15
34156 1 15 15
34157 1 15 15
34158 1 15 15
34159 1 15 15
34160 1 15 15
34161 1.02761 15.4142 15
34162 1.05523 15.8284 15
34163 1.08284 16.2426 15
34164 1.11046 16.6569 15
34165 1.13807 17.0711 15
34166 1.16569 17.4853 15
34167 1.1933 17.8995 15
34168 1.22091 18.3137 15
34169 1.24853 18.7279 15
34170 1.27614 19.1421 15
34171 1.30376 19.5563 15
34172 1.33137 19.9706 15
34173 1.39804 20.9706 15
34190 1 15 15
34191 1 15 15
34192 1 15 15
34193 1 15 15
34194 1 15 15
34195 1 15 15
34196 1 15 15
34197 1 15 15
34198 1 15 15
34199 1 15 15
34200 1 15 15
34201 1 15 15
34202 1.02761 15.4142 15
34203 1.05523 15.8284 15
34204 1.08284 16.2426 15
34205 1.11046 16.6569 15
34312 1 15 15
34313 1 15 15
34314 1 15 15
34315 1 15 15
34316 1 15 15
34317 1 15 15
34318 1 15 15
34319 1 15 15
34320 1 15 15
34321 1 15 15
34322 1 15 15
34323 1 15 15
34324 1 15 15
34325 1 15 15
34326 1 15 15
34327 1 15 15
34548 1 14 14
34549 1 14 14
34550 1 14 14
34551 1 14 14
34552 1 14 14
34553 1 14 14
34554 1 14 14
34555 1 14 14
34556 1 14 14
34557 1 14 14
34558 1 14 14
34559 1 14 14
34560 1 14 14
34561 1 14 14
34562 1.02959 14.4142 14
34563 1.05917 14.8284 14
34564 1.08876 15.2426 14
34565 1.11835 15.6569 14
34566 1.14793 16.0711 14
34567 1.17752 16.4853 14
34568 1.20711 16.8995 14
34569 1.23669 17.3137 14
34570 1.26628 17.7279 14
34571 1.29587 18.1421 14
34572 1.32545 18.5563 14
34573 1.39688 19.5563 14
34591 1 14 14
34592 1 14 14
34593 1 14 14
34594 1 14 14
34595 1 14 14
34596 1 14 14
34597 1 14 14
34598 1 14 14
34599 1 14 14
34600 1 14 14
34601 1 14 14
34602 1 14 14
34603 1.02959 14.4142 14
34604 1.05917 14.8284 14
34605 1.08876 15.2426 14
34606 1.11835 15.6569 14
34713 1 14 14
34714 1 14 14
34715 1 14 14
34716 1 14 14
34717 1 14 14
34718 1 14 14
34719 1 14 14
34720 1 14 14
34721 1 14 14
34722 1 14 14
34723 1 14 14
34724 1 14 14
34725 1 14 14
34726 1 14 14
34727 1 14 14
34728 1 14 14
34805 1 14 14
34806 1 14 14
34807 1 14 14
34808 1 14 14
34809 1 14 14
34810 1 14 14
34948 1 13 13
34949 1 13 13
34950 1 13 13
34951 1 13 13
34952 1 13 13
34953 1 13 13
34954 1 13 13
34955 1 13 13
34956 1 13 13
34957 1 13 13
34958 1 13 13
34959 1 13 13
34960 1 13 13
34961 1 13 13
34962 1 13 13
34963 1.03186 13.4142 13
34964 1.06373 13.8284 13
34965 1.09559 14.2426 13
34966 1.12745 14.6569 13
34967 1.15931 15.0711 13
34968 1.19118 15.4853 13
34969 1.22304 15.8995 13
34970 1.2549 16.3137 13
34971 1.28676 16.7279 13
34972 1.31863 17.1421 13
34973 1.39555 18.1421 13
34974 1.47247 19.1421 13
34991 1 13 13
34992 1 13 13
34993 1 13 13
34994 1 13 13
34995 1 13 13
34996 1 13 13
34997 1 13 13
34998 1 13 13
34999 1 13 13
35000 1 13 13
35001 1 13 13
35002 1 13 13
35003 1 13 13
35004 1.03186 13.4142 13
35005 1.06373 13.8284 13
35006 1.09559 14.2426 13
35007 1.12745 14.6569 13
35113 1 13 13
35114 1 13 13
35115 1 13 13
35116 1 13 13
35117 1 13 13
35118 1 13 13
35119 1 13 13
35120 1 13 13
35121 1 13 13
35122 1 13 13
35123 1 13 13
35124 1 13 13
35125 1 13 13
35126 1 13 13
35127 1 13 13
35128 1 13 13
35129 1 13 13
35204 1 13 13
35205 1 13 13
35206 1 13 13
35207 1 13 13
35208 1 13 13
35209 1 13 13
35210 1 13 13
35211 1 13 13
35212 1 13 13
35284 1 13 13
35285 1 13 13
35286 1 13 13
35287 1 13 13
35347 1 12 12
35348 1 12 12
35349 1 12 12
35350 1 12 12
35351 1 12 12
35352 1 12 12
35353 1 12 12
35354 1 12 12
35355 1 12 12
35356 1 12 12
35357 1 12 12
35358 1 12 12
35359 1 12 12
35360 1 12 12
35361 1 12 12
35362 1 12 12
35363 1 12 12
35364 1.03452 12.4142 12
35365 1.06904 12.8284 12
35366 1.10355 13.2426 12
35367 1.13807 13.6569 12
35368 1.17259 14.0711 12
35369 1.20711 14.4853 12
35370 1.24162 14.8995 12
35371 1.27614 15.3137 12
35372 1.31066 15.7279 12
35373 1.39399 16.7279 12
35374 1.47733 17.7279 12
35392 1 12 12
35393 1 12 12
35394 1 12 12
35395 1 12 12
35396 1 12 12
35397 1 12 12
35398 1 12 12
35399 1 12 12
35400 1 12 12
35401 1 12 12
35402 1 12 12
35403 1 12 12
35404 1 12 12
35405 1.03452 12.4142 12
35406 1.06904 12.8284 12
35407 1.10355 13.2426 12
35428 1 12 12
35429 1 12 12
35430 1 12 12
35431 1 12 12
35514 1 12 12
35515 1 12 12
35516 1 12 12
35517 1 12 12
35518 1 12 12
35519 1 12 12
35520 1 12 12
35521 1 12 12
35522 1 12 12
35523 1 12 12
35524 1 12 12
35525 1 12 12
35526 1 12 12
35527 1 12 12
35528 1 12 12
35529 1 12 12
35530 1 12 12
35531 1.03452 12.4142 12
35559 1 12 12
35560 1 12 12
35561 1 12 12
35562 1 12 12
35563 1 12 12
35604 1 12 12
35605 1 12 12
35606 1 12 12
35607 1 12 12
35608 1 12 12
35609 1 12 12
35610 1 12 12
35611 1 12 12
35612 1 12 12
35613 1 12 12
35614 1 12 12
35681 1 12 12
35682 1 12 12
35683 1 12 12
35684 1 12 12
35685 1 12 12
35686 1 12 12
35687 1 12 12
35688 1 12 12
35747 1 11 11
35748 1 11 11
35749 1 11 11
35750 1 11 11
35751 1 11 11
35752 1 11 11
35753 1 11 11
35754 1 11 11
35755 1 11 11
35756 1 11 11
35757 1 11 11
35758 1 11 11
35759 1 11 11
35760 1 11 11
35761 1 11 11
35762 1 11 11
35763 1 11 11
35764 1 11 11
35765 1.03766 11.4142 11
35766 1.07531 11.8284 11
35767 1.11297 12.2426 11
35768 1.15062 12.6569 11
35769 1.18828 13.0711 11
35770 1.22593 13.4853 11
35771 1.26359 13.8995 11
35772 1.30125 14.3137 11
35773 1.39216 15.3137 11
35774 1.48306 16.3137 11
35775 1.57397 17.3137 11
35793 1 11 11
35794 1 11 11
35795 1 11 11
35796 1 11 11
35797 1 11 11
35798 1 11 11
35799 1 11 11
35800 1 11 11
35801 1 11 11
35802 1 11 11
35803 1 11 11
35804 1 11 11
35805 1 11 11
35806 1.03766 11.4142 11
35807 1.07531 11.8284 11
35808 1.11297 12.2426 11
35826 1 11 11
35827 1 11 11
35828 1 11 11
35829 1 11 11
35830 1 11 11
35831 1 11 11
35832 1 11 11
35833 1 11 11
35834 1 11 11
35835 1 11 11
35914 1 11 11
35915 1 11 11
35916 1 11 11
35917 1 11 11
35918 1 11 11
35919 1 11 11
35920 1 11 11
35921 1 11 11
35922 1 11 11
35923 1 11 11
35924 1 11 11
35925 1 11 11
35926 1 11 11
35927 1 11 11
35928 1 11 11
35929 1 11 11
35930 1 11 11
35931 1 11 11
35932 1.03766 11.4142 11
35958 1 11 11
35959 1 11 11
35960 1 11 11
35961 1 11 11
35962 1 11 11
35963 1 11 11
35964 1 11 11
35965 1 11 11
35966 1 11 11
36005 1 11 11
36006 1 11 11
36007 1 11 11
36008 1 11 11
36009 1 11 11
36010 1 11 11
36011 1 11 11
36012 1 11 11
36013 1 11 11
36014 1 11 11
36015 1 11 11
36080 1 11 11
36081 1 11 11
36082 1 11 11
36083 1 11 11
36084 1 11 11
36085 1 11 11
36086 1 11 11
36087 1 11 11
36088 1 11 11
36089 1 11 11
36090 1 10 10
36091 1 10 10
36092 1 10 10
36093 1 10 10
36094 1 10 10
36148 1 10 10
36149 1 10 10
36150 1 10 10
36151 1 10 10
36152 1 10 10
36153 1 10 10
36154 1 10 10
36155 1 10 10
36156 1 10 10
36157 1 10 10
36158 1 10 10
36159 1 10 10
36160 1 10 10
36161 1 10 10
36162 1 10 10
36163 1 10 10
36164 1 10 10
36165 1 10 10
36166 1.04142 10.4142 10
36167 1.08284 10.8284 10
36168 1.12426 11.2426 10
36169 1.16569 11.6569 10
36170 1.20711 12.0711 10
36171 1.24853 12.4853 10
36172 1.28995 12.8995 10
36173 1.38995 13.8995 10
36174 1.48995 14.8995 10
36175 1.58995 15.8995 10
36194 1 10 10
36195 1 10 10
36196 1 10 10
36197 1 10 10
36198 1 10 10
36199 1 10 10
36200 1 10 10
36201 1 10 10
36202 1 10 10
36203 1 10 10
36204 1 10 10
36205 1 10 10
36206 1 10 10
36207 1.04142 10.4142 10
36208 1.08284 10.8284 10
36225 1 10 10
36226 1 10 10
36227 1 10 10
36228 1 10 10
36229 1 10 10
36230 1 10 10
36231 1 10 10
36232 1 10 10
36233 1 10 10
36234 1 10 10
36235 1 10 10
36236 1 10 10
36237 1 10 10
36238 1 10 10
36315 1 10 10
36316 1 10 10
36317 1 10 10
36318 1 10 10
36319 1 10 10
36320 1 10 10
36321 1 10 10
36322 1 10 10
36323 1 10 10
36324 1 10 10
36325 1 10 10
36326 1 10 10
36327 1 10 10
36328 1 10 10
36329 1 10 10
36330 1 10 10
36331 1 10 10
36332 1 10 10
36333 1.04142 10.4142 10
36358 1 10 10
36359 1 10 10
36360 1 10 10
36361 1 10 10
36362 1 10 10
36363 1 10 10
36364 1 10 10
36365 1 10 10
36366 1 10 10
36367 1 10 10
36368 1 10 10
36369 1 10 10
36405 1 10 10
36406 1 10 10
36407 1 10 10
36408 1 10 10
36409 1 10 10
36410 1 10 10
36411 1 10 10
36412 1 10 10
36413 1 10 10
36414 1 10 10
36415 1 10 10
36416 1 10 10
36417 1 10 10
36479 1 10 10
36480 1 10 10
36481 1 10 10
36482 1 10 10
36483 1 10 10
36484 1 10 10
36485 1 10 10
36486 1 10 10
36487 1 10 10
36488 1 10 10
36489 1 10 10
36490 1 10 10
36491 1 9 9
36492 1 9 9
36493 1 9 9
36494 1 9 9
36495 1 9 9
36496 1 9 9
36548 1 9 9
36549 1 9 9
36550 1 9 9
36551 1 9 9
36552 1 9 9
36553 1 9 9
36554 1 9 9
36555 1 9 9
36556 1 9 9
36557 1 9 9
36558 1 9 9
36559 1 9 9
36560 1 9 9
36561 1 9 9
36562 1 9 9
36563 1 9 9
36564 1 9 9
36565 1 9 9
36566 1 9 9
36567 1.04602 9.41421 9
36568 1.09205 9.82843 9
36569 1.13807 10.2426 9
36570 1.18409 10.6569 9
36571 1.23012 11.0711 9
36572 1.27614 11.4853 9
36573 1.38725 12.4853 9
36574 1.49836 13.4853 9
36594 1 9 9
36595 1 9 9
36596 1 9 9
36597 1 9 9
36598 1 9 9
36599 1 9 9
36600 1 9 9
36601 1 9 9
36602 1 9 9
36603 1 9 9
36604 1 9 9
36605 1 9 9
36606 1 9 9
36607 1 9 9
36608 1.04602 9.41421 9
36609 1.09205 9.82843 9
36625 1 9 9
36626 1 9 9
36627 1 9 9
36628 1 9 9
36629 1 9 9
36630 1 9 9
36631 1 9 9
36632 1 9 9
36633 1 9 9
36634 1 9 9
36635 1 9 9
36636 1 9 9
36637 1 9 9
36638 1 9 9
36639 1 9 9
36640 1 9 9
36715 1 9 9
36716 1 9 9
36717 1 9 9
36718 1 9 9
36719 1 9 9
36720 1 9 9
36721 1 9 9
36722 1 9 9
36723 1 9 9
36724 1 9 9
36725 1 9 9
36726 1 9 9
36727 1 9 9
36728 1 9 9
36729 1 9 9
36730 1 9 9
36731 1 9 9
36732 1 9 9
36733 1 9 9
36734 1.04602 9.41421 9
36758 1 9 9
36759 1 9 9
36760 1 9 9
36761 1 9 9
36762 1 9 9
36763 1 9 9
36764 1 9 9
36765 1 9 9
36766 1 9 9
36767 1 9 9
36768 1 9 9
36769 1 9 9
36770 1 9 9
36771 1 9 9
36806 1 9 9
36807 1 9 9
36808 1 9 9
36809 1 9 9
36810 1 9 9
36811 1 9 9
36812 1 9 9
36813 1 9 9
36814 1 9 9
36815 1 9 9
36816 1 9 9
36817 1 9 9
36818 1 9 9
36879 1 9 9
36880 1 9 9
36881 1 9 9
36882 1 9 9
36883 1 9 9
36884 1 9 9
36885 1 9 9
36886 1 9 9
36887 1 9 9
36888 1 9 9
36889 1 9 9
36890 1 9 9
36891 1 9 9
36892 1 8 8
36893 1 8 8
36894 1 8 8
36895 1 8 8
36896 1 8 8
36897 1 8 8
36898 1 8 8
36899 1 8 8
36948 1 8 8
36949 1 8 8
36950 1 8 8
36951 1 8 8
36952 1 8 8
36953 1 8 8
36954 1 8 8
36955 1 8 8
36956 1 8 8
36957 1 8 8
36958 1 8 8
36959 1 8 8
36960 1 8 8
36961 1 8 8
36962 1 8 8
36963 1 8 8
36964 1 8 8
36965 1 8 8
36966 1 8 8
36967 1 8 8
36968 1.05178 8.41421 8
36969 1.10355 8.82843 8
36970 1.15533 9.24264 8
36971 1.20711 9.65685 8
36972 1.25888 10.0711 8
36973 1.38388 11.0711 8
36974 1.50888 12.0711 8
36995 1 8 8
36996 1 8 8
36997 1 8 8
36998 1 8 8
36999 1 8 8
37000 1 8 8
37001 1 8 8
37002 1 8 8
37003 1 8 8
37004 1 8 8
37005 1 8 8
37006 1 8 8
37007 1 8 8
37008 1 8 8
37009 1.05178 8.41421 8
37010 1.10355 8.82843 8
37025 1 8 8
37026 1 8 8
37027 1 8 8
37028 1 8 8
37029 1 8 8
37030 1 8 8
37031 1 8 8
37032 1 8 8
37033 1 8 8
37034 1 8 8
37035 1 8 8
37036 1 8 8
37037 1 8 8
37038 1 8 8
37039 1 8 8
37040 1 8 8
37041 1 8 8
37042 1 8 8
37116 1 8 8
37117 1 8 8
37118 1 8 8
37119 1 8 8
37120 1 8 8
37121 1 8 8
37122 1 8 8
37123 1 8 8
37124 1 8 8
37125 1 8 8
37126 1 8 8
37127 1 8 8
37128 1 8 8
37129 1 8 8
37130 1 8 8
37131 1 8 8
37132 1 8 8
37133 1 8 8
37134 1 8 8
37135 1.05178 8.41421 8
37158 1 8 8
37159 1 8 8
37160 1 8 8
37161 1 8 8
37162 1 8 8
37163 1 8 8
37164 1 8 8
37165 1 8 8
37166 1 8 8
37167 1 8 8
37168 1 8 8
37169 1 8 8
37170 1 8 8
37171 1 8 8
37172 1 8 8
37173 1 8 8
37206 1 8 8
37207 1 8 8
37208 1 8 8
37209 1 8 8
37210 1 8 8
37211 1 8 8
37212 1 8 8
37213 1 8 8
37214 1 8 8
37215 1 8 8
37216 1 8 8
37217 1 8 8
37218 1 8 8
37219 1 8 8
37279 1 8 8
37280 1 8 8
37281 1 8 8
37282 1 8 8
37283 1 8 8
37284 1 8 8
37285 1 8 8
37286 1 8 8
37287 1 8 8
37288 1 8 8
37289 1 8 8
37290 1 8 8
37291 1 8 8
37292 1 8 8
37293 1 7 7
37294 1 7 7
37295 1 7 7
37296 1 7 7
37297 1 7 7
37298 1 7 7
37299 1 7 7
37300 1 7 7
37348 1 7 7
37349 1 7 7
37350 1 7 7
37351 1 7 7
37352 1 7 7
37353 1 7 7
37354 1 7 7
37355 1 7 7
37356 1 7 7
37357 1 7 7
37358 1 7 7
37359 1 7 7
37360 1 7 7
37361 1 7 7
37362 1 7 7
37363 1 7 7
37364 1 7 7
37365 1 7 7
37366 1 7 7
37367 1 7 7
37368 1 7 7
37369 1.05917 7.41421 7
37370 1.11835 7.82843 7
37371 1.17752 8.24264 7
37372 1.23669 8.65685 7
37373 1.37955 9.65685 7
37396 1 7 7
37397 1 7 7
37398 1 7 7
37399 1 7 7
37400 1 7 7
37401 1 7 7
37402 1 7 7
37403 1 7 7
37404 1 7 7
37405 1 7 7
37406 1 7 7
37407 1 7 7
37408 1 7 7
37409 1 7 7
37410 1.05917 7.41421 7
37426 1 7 7
37427 1 7 7
37428 1 7 7
37429 1 7 7
37430 1 7 7
37431 1 7 7
37432 1 7 7
37433 1 7 7
37434 1 7 7
37435 1 7 7
37436 1 7 7
37437 1 7 7
37438 1 7 7
37439 1 7 7
37440 1 7 7
37441 1 7 7
37442 1 7 7
37443 1 7 7
37517 1 7 7
37518 1 7 7
37519 1 7 7
37520 1 7 7
37521 1 7 7
37522 1 7 7
37523 1 7 7
37524 1 7 7
37525 1 7 7
37526 1 7 7
37527 1 7 7
37528 1 7 7
37529 1 7 7
37530 1 7 7
37531 1 7 7
37532 1 7 7
37533 1 7 7
37534 1 7 7
37535 1 7 7
37536 1.05917 7.41421 7
37558 1 7 7
37559 1 7 7
37560 1 7 7
37561 1 7 7
37562 1 7 7
37563 1 7 7
37564 1 7 7
37565 1 7 7
37566 1 7 7
37567 1 7 7
37568 1 7 7
37569 1 7 7
37570 1 7 7
37571 1 7 7
37572 1 7 7
37573 1 7 7
37574 1 7 7
37607 1 7 7
37608 1 7 7
37609 1 7 7
37610 1 7 7
37611 1 7 7
37612 1 7 7
37613 1 7 7
37614 1 7 7
37615 1 7 7
37616 1 7 7
37617 1 7 7
37618 1 7 7
37619 1 7 7
37620 1 7 7
37679 1 7 7
37680 1 7 7
37681 1 7 7
37682 1 7 7
37683 1 7 7
37684 1 7 7
37685 1 7 7
37686 1 7 7
37687 1 7 7
37688 1 7 7
37689 1 7 7
37690 1 7 7
37691 1 7 7
37692 1 7 7
37693 1 7 7
37694 1 6 6
37695 1 6 6
37696 1 6 6
37697 1 6 6
37698 1 6 6
37699 1 6 6
37700 1 6 6
37701 1 6 6
37702 1 6 6
37749 1 6 6
37750 1 6 6
37751 1 6 6
37752 1 6 6
37753 1 6 6
37754 1 6 6
37755 1 6 6
37756 1 6 6
37757 1 6 6
37758 1 6 6
37759 1 6 6
37760 1 6 6
37761 1 6 6
37762 1 6 6
37763 1 6 6
37764 1 6 6
37765 1 6 6
37766 1 6 6
37767 1 6 6
37768 1 6 6
37769 1 6 6
37770 1.06904 6.41421 6
37771 1.13807 6.82843 6
37772 1.20711 7.24264 6
37773 1.37377 8.24264 6
37797 1 6 6
37798 1 6 6
37799 1 6 6
37800 1 6 6
37801 1 6 6
37802 1 6 6
37803 1 6 6
37804 1 6 6
37805 1 6 6
37806 1 6 6
37807 1 6 6
37808 1 6 6
37809 1 6 6
37810 1 6 6
37811 1.06904 6.41421 6
37826 1 6 6
37827 1 6 6
37828 1 6 6
37829 1 6 6
37830 1 6 6
37831 1 6 6
37832 1 6 6
37833 1 6 6
37834 1 6 6
37835 1 6 6
37836 1 6 6
37837 1 6 6
37838 1 6 6
37839 1 6 6
37840 1 6 6
37841 1 6 6
37842 1 6 6
37843 1 6 6
37844 1 6 6
37845 1 6 6
37918 1 6 6
37919 1 6 6
37920 1 6 6
37921 1 6 6
37922 1 6 6
37923 1 6 6
37924 1 6 6
37925 1 6 6
37926 1 6 6
37927 1 6 6
37928 1 6 6
37929 1 6 6
37930 1 6 6
37931 1 6 6
37932 1 6 6
37933 1 6 6
37934 1 6 6
37935 1 6 6
37936 1 6 6
37937 1.06904 6.41421 6
37959 1 6 6
37960 1 6 6
37961 1 6 6
37962 1 6 6
37963 1 6 6
37964 1 6 6
37965 1 6 6
37966 1 6 6
37967 1 6 6
37968 1 6 6
37969 1 6 6
37970 1 6 6
37971 1 6 6
37972 1 6 6
37973 1 6 6
37974 1 6 6
37975 1 6 6
37976 1 6 6
38008 1 6 6
38009 1 6 6
38010 1 6 6
38011 1 6 6
38012 1 6 6
38013 1 6 6
38014 1 6 6
38015 1 6 6
38016 1 6 6
38017 1 6 6
38018 1 6 6
38019 1 6 6
38020 1 6 6
38021 1 6 6
38079 1 6 6
38080 1 6 6
38081 1 6 6
38082 1 6 6
38083 1 6 6
38084 1 6 6
38085 1 6 6
38086 1 6 6
38087 1 6 6
38088 1 6 6
38089 1 6 6
38090 1 6 6
38091 1 6 6
38092 1 6 6
38093 1 6 6
38094 1 6 6
38095 1 5 5
38096 1 5 5
38097 1 5 5
38098 1 5 5
38099 1 5 5
38100 1 5 5
38101 1 5 5
38102 1 5 5
38103 1 5 5
38104 1 5 5
38149 1 5 5
38150 1 5 5
38151 1 5 5
38152 1 5 5
38153 1 5 5
38154 1 5 5
38155 1 5 5
38156 1 5 5
38157 1 5 5
38158 1 5 5
38159 1 5 5
38160 1 5 5
38161 1 5 5
38162 1 5 5
38163 1 5 5
38164 1 5 5
38165 1 5 5
38166 1 5 5
38167 1 5 5
38168 1 5 5
38169 1 5 5
38170 1 5 5
38171 1.08284 5.41421 5
38172 1.16569 5.82843 5
38197 1 5 5
38198 1 5 5
38199 1 5 5
38200 1 5 5
38201 1 5 5
38202 1 5 5
38203 1 5 5
38204 1 5 5
38205 1 5 5
38206 1 5 5
38207 1 5 5
38208 1 5 5
38209 1 5 5
38210 1 5 5
38211 1 5 5
38212 1.08284 5.41421 5
38226 1 5 5
38227 1 5 5
38228 1 5 5
38229 1 5 5
38230 1 5 5
38231 1 5 5
38232 1 5 5
38233 1 5 5
38234 1 5 5
38235 1 5 5
38236 1 5 5
38237 1 5 5
38238 1 5 5
38239 1 5 5
38240 1 5 5
38241 1 5 5
38242 1 5 5
38243 1 5 5
38244 1 5 5
38245 1 5 5
38246 1 5 5
38319 1 5 5
38320 1 5 5
38321 1 5 5
38322 1 5 5
38323 1 5 5
38324 1 5 5
38325 1 5 5
38326 1 5 5
38327 1 5 5
38328 1 5 5
38329 1 5 5
38330 1 5 5
38331 1 5 5
38332 1 5 5
38333 1 5 5
38334 1 5 5
38335 1 5 5
38336 1 5 5
38337 1 5 5
38359 1 5 5
38360 1 5 5
38361 1 5 5
38362 1 5 5
38363 1 5 5
38364 1 5 5
38365 1 5 5
38366 1 5 5
38367 1 5 5
38368 1 5 5
38369 1 5 5
38370 1 5 5
38371 1 5 5
38372 1 5 5
38373 1 5 5
38374 1 5 5
38375 1 5 5
38376 1 5 5
38377 1 5 5
38409 1 5 5
38410 1 5 5
38411 1 5 5
38412 1 5 5
38413 1 5 5
38414 1 5 5
38415 1 5 5
38416 1 5 5
38417 1 5 5
38418 1 5 5
38419 1 5 5
38420 1 5 5
38421 1 5 5
38422 1 5 5
38480 1 5 5
38481 1 5 5
38482 1 5 5
38483 1 5 5
38484 1 5 5
38485 1 5 5
38486 1 5 5
38487 1 5 5
38488 1 5 5
38489 1 5 5
38490 1 5 5
38491 1 5 5
38492 1 5 5
38493 1 5 5
38494 1 5 5
38495 1 5 5
38496 1 4 4
38497 1 4 4
38498 1 4 4
38499 1 4 4
38500 1 4 4
38501 1 4 4
38502 1 4 4
38503 1 4 4
38504 1 4 4
38505 1 4 4
38550 1 4 4
38551 1 4 4
38552 1 4 4
38553 1 4 4
38554 1 4 4
38555 1 4 4
38556 1 4 4
38557 1 4 4
38558 1 4 4
38559 1 4 4
38560 1 4 4
38561 1 4 4
38562 1 4 4
38563 1 4 4
38564 1 4 4
38565 1 4 4
38566 1 4 4
38567 1 4 4
38568 1 4 4
38569 1 4 4
38570 1 4 4
38571 1 4 4
38572 1.10355 4.41421 4
38598 1 4 4
38599 1 4 4
38600 1 4 4
38601 1 4 4
38602 1 4 4
38603 1 4 4
38604 1 4 4
38605 1 4 4
38606 1 4 4
38607 1 4 4
38608 1 4 4
38609 1 4 4
38610 1 4 4
38611 1 4 4
38612 1 4 4
38627 1 4 4
38628 1 4 4
38629 1 4 4
38630 1 4 4
38631 1 4 4
38632 1 4 4
38633 1 4 4
38634 1 4 4
38635 1 4 4
38636 1 4 4
38637 1 4 4
38638 1 4 4
38639 1 4 4
38640 1 4 4
38641 1 4 4
38642 1 4 4
38643 1 4 4
38644 1 4 4
38645 1 4 4
38646 1 4 4
38647 1 4 4
38648 1 4 4
38719 1 4 4
38720 1 4 4
38721 1 4 4
38722 1 4 4
38723 1 4 4
38724 1 4 4
38725 1 4 4
38726 1 4 4
38727 1 4 4
38728 1 4 4
38729 1 4 4
38730 1 4 4
38731 1 4 4
38732 1 4 4
38733 1 4 4
38734 1 4 4
38735 1 4 4
38736 1 4 4
38737 1 4 4
38738 1 4 4
38760 1 4 4
38761 1 4 4
38762 1 4 4
38763 1 4 4
38764 1 4 4
38765 1 4 4
38766 1 4 4
38767 1 4 4
38768 1 4 4
38769 1 4 4
38770 1 4 4
38771 1 4 4
38772 1 4 4
38773 1 4 4
38774 1 4 4
38775 1 4 4
38776 1 4 4
38777 1 4 4
38778 1 4 4
38779 1 4 4
38810 1 4 4
38811 1 4 4
38812 1 4 4
38813 1 4 4
38814 1 4 4
38815 1 4 4
38816 1 4 4
38817 1 4 4
38818 1 4 4
38819 1 4 4
38820 1 4 4
38821 1 4 4
38822 1 4 4
38823 1 4 4
38824 1.10355 4.41421 4
38880 1 4 4
38881 1 4 4
38882 1 4 4
38883 1 4 4
38884 1 4 4
38885 1 4 4
38886 1 4 4
38887 1 4 4
38888 1 4 4
38889 1 4 4
38890 1 4 4
38891 1 4 4
38892 1 4 4
38893 1 4 4
38894 1 4 4
38895 1 4 4
38896 1 4 4
38897 1 3 3
38898 1 3 3
38899 1 3 3
38900 1 3 3
38901 1 3 3
38902 1 3 3
38903 1 3 3
38904 1 3 3
38905 1 3 3
38906 1 3 3
38907 1 3 3
38951 1 3 3
38952 1 3 3
38953 1 3 3
38954 1 3 3
38955 1 3 3
38956 1 3 3
38957 1 3 3
38958 1 3 3
38959 1 3 3
38960 1 3 3
38961 1 3 3
38962 1 3 3
38963 1 3 3
38964 1 3 3
38965 1 3 3
38966 1 3 3
38967 1 3 3
38968 1 3 3
38969 1 3 3
38970 1 3 3
38971 1 3 3
38972 1 3 3
38973 1.13807 3.41421 3
38999 1 3 3
39000 1 3 3
39001 1 3 3
39002 1 3 3
39003 1 3 3
39004 1 3 3
39005 1 3 3
39006 1 3 3
39007 1 3 3
39008 1 3 3
39009 1 3 3
39010 1 3 3
39011 1 3 3
39012 1 3 3
39013 1 3 3
39028 1 3 3
39029 1 3 3
39030 1 3 3
39031 1 3 3
39032 1 3 3
39033 1 3 3
39034 1 3 3
39035 1 3 3
39036 1 3 3
39037 1 3 3
39038 1 3 3
39039 1 3 3
39040 1 3 3
39041 1 3 3
39042 1 3 3
39043 1 3 3
39044 1 3 3
39045 1 3 3
39046 1 3 3
39047 1 3 3
39048 1 3 3
39049 1 3 3
39120 1 3 3
39121 1 3 3
39122 1 3 3
39123 1 3 3
39124 1 3 3
39125 1 3 3
39126 1 3 3
39127 1 3 3
39128 1 3 3
39129 1 3 3
39130 1 3 3
39131 1 3 3
39132 1 3 3
39133 1 3 3
39134 1 3 3
39135 1 3 3
39136 1 3 3
39137 1 3 3
39138 1 3 3
39139 1 3 3
39161 1 3 3
39162 1 3 3
39163 1 3 3
39164 1 3 3
39165 1 3 3
39166 1 3 3
39167 1 3 3
39168 1 3 3
39169 1 3 3
39170 1 3 3
39171 1 3 3
39172 1 3 3
39173 1 3 3
39174 1 3 3
39175 1 3 3
39176 1 3 3
39177 1 3 3
39178 1 3 3
39179 1 3 3
39180 1 3 3
39210 1 3 3
39211 1 3 3
39212 1 3 3
39213 1 3 3
39214 1 3 3
39215 1 3 3
39216 1 3 3
39217 1 3 3
39218 1 3 3
39219 1 3 3
39220 1 3 3
39221 1 3 3
39222 1 3 3
39223 1 3 3
39224 1 3 3
39225 1.13807 3.41421 3
39281 1 3 3
39282 1 3 3
39283 1 3 3
39284 1 3 3
39285 1 3 3
39286 1 3 3
39287 1 3 3
39288 1 3 3
39289 1 3 3
39290 1 3 3
39291 1 3 3
39292 1 3 3
39293 1 3 3
39294 1 3 3
39295 1 3 3
39296 1 3 3
39297 1 3 3
39298 1 2 2
39299 1 2 2
39300 1 2 2
39301 1 2 2
39302 1 2 2
39303 1 2 2
39304 1 2 2
39305 1 2 2
39306 1 2 2
39307 1 2 2
39308 1 2 2
39351 1 2 2
39352 1 2 2
39353 1 2 2
39354 1 2 2
39355 1 2 2
39356 1 2 2
39357 1 2 2
39358 1 2 2
39359 1 2 2
39360 1 2 2
39361 1 2 2
39362 1 2 2
39363 1 2 2
39364 1 2 2
39365 1 2 2
39366 1 2 2
39367 1 2 2
39368 1 2 2
39369 1 2 2
39370 1 2 2
39371 1 2 2
39372 1 2 2
39373 1 2 2
39400 1 2 2
39401 1 2 2
39402 1 2 2
39403 1 2 2
39404 1 2 2
39405 1 2 2
39406 1 2 2
39407 1 2 2
39408 1 2 2
39409 1 2 2
39410 1 2 2
39411 1 2 2
39412 1 2 2
39413 1 2 2
39414 1 2 2
39429 1 2 2
39430 1 2 2
39431 1 2 2
39432 1 2 2
39433 1 2 2
39434 1 2 2
39435 1 2 2
39436 1 2 2
39437 1 2 2
39438 1 2 2
39439 1 2 2
39440 1 2 2
39441 1 2 2
39442 1 2 2
39443 1 2 2
39444 1 2 2
39445 1 2 2
39446 1 2 2
39447 1 2 2
39448 1 2 2
39449 1 2 2
39450 1 2 2
39521 1 2 2
39522 1 2 2
39523 1 2 2
39524 1 2 2
39525 1 2 2
39526 1 2 2
39527 1 2 2
39528 1 2 2
39529 1 2 2
39530 1 2 2
39531 1 2 2
39532 1 2 2
39533 1 2 2
39534 1 2 2
39535 1 2 2
39536 1 2 2
39537 1 2 2
39538 1 2 2
39539 1 2 2
39540 1 2 2
39561 1 2 2
39562 1 2 2
39563 1 2 2
39564 1 2 2
39565 1 2 2
39566 1 2 2
39567 1 2 2
39568 1 2 2
39569 1 2 2
39570 1 2 2
39571 1 2 2
39572 1 2 2
39573 1 2 2
39574 1 2 2
39575 1 2 2
39576 1 2 2
39577 1 2 2
39578 1 2 2
39579 1 2 2
39580 1 2 2
39581 1 2 2
39611 1 2 2
39612 1 2 2
39613 1 2 2
39614 1 2 2
39615 1 2 2
39616 1 2 2
39617 1 2 2
39618 1 2 2
39619 1 2 2
39620 1 2 2
39621 1 2 2
39622 1 2 2
39623 1 2 2
39624 1 2 2
39625 1 2 2
39682 1 2 2
39683 1 2 2
39684 1 2 2
39685 1 2 2
39686 1 2 2
39687 1 2 2
39688 1 2 2
39689 1 2 2
39690 1 2 2
39691 1 2 2
39692 1 2 2
39693 1 2 2
39694 1 2 2
39695 1 2 2
39696 1 2 2
39697 1 2 2
39698 1 2 2
39699 1 1 1
39700 1 1 1
39701 1 1 1
39702 1 1 1
39703 1 1 1
39704 1 1 1
39705 1 1 1
39706 1 1 1
39707 1 1 1
39708 1 1 1
39709 1 1 1
39752 1 1 1
39753 1 1 1
39754 1 1 1
39755 1 1 1
39756 1 1 1
39757 1 1 1
39758 1 1 1
39759 1 1 1
39760 1 1 1
39761 1 1 1
39762 1 1 1
39763 1 1 1
39764 1 1 1
39765 1 1 1
39766 1 1 1
39767 1 1 1
39768 1 1 1
39769 1 1 1
39770 1 1 1
39771 1 1 1
39772 1 1 1
39773 1 1 1
39774 1 1 1
39801 1 1 1
39802 1 1 1
39803 1 1 1
39804 1 1 1
39805 1 1 1
39806 1 1 1
39807 1 1 1
39808 1 1 1
39809 1 1 1
39810 1 1 1
39811 1 1 1
39812 1 1 1
39813 1 1 1
39814 1 1 1
39815 1 1 1
39830 1 1 1
39831 1 1 1
39832 1 1 1
39833 1 1 1
39834 1 1 1
39835 1 1 1
39836 1 1 1
39837 1 1 1
39838 1 1 1
39839 1 1 1
39840 1 1 1
39841 1 1 1
39842 1 1 1
39843 1 1 1
39844 1 1 1
39845 1 1 1
39846 1 1 1
39847 1 1 1
39848 1 1 1
39849 1 1 1
39850 1 1 1
39851 1 1 1
39922 1 1 1
39923 1 1 1
39924 1 1 1
39925 1 1 1
39926 1 1 1
39927 1 1 1
39928 1 1 1
39929 1 1 1
39930 1 1 1
39931 1 1 1
39932 1 1 1
39933 1 1 1
39934 1 1 1
39935 1 1 1
39936 1 1 1
39937 1 1 1
39938 1 1 1
39939 1 1 1
39940 1 1 1
39941 1 1 1
39962 1 1 1
39963 1 1 1
39964 1 1 1
39965 1 1 1
39966 1 1 1
39967 1 1 1
39968 1 1 1
39969 1 1 1
39970 1 1 1
39971 1 1 1
39972 1 1 1
39973 1 1 1
39974 1 1 1
39975 1 1 1
39976 1 1 1
39977 1 1 1
39978 1 1 1
39979 1 1 1
39980 1 1 1
39981 1 1 1
39982 1 1 1
40012 1 1 1
40013 1 1 1
40014 1 1 1
40015 1 1 1
40016 1 1 1
40017 1 1 1
40018 1 1 1
40019 1 1 1
40020 1 1 1
40021 1 1 1
40022 1 1 1
40023 1 1 1
40024 1 1 1
40025 1 1 1
40026 1 1 1
40082 1 1 1
40083 1 1 1
40084 1 1 1
40085 1 1 1
40086 1 1 1
40087 1 1 1
40088 1 1 1
40089 1 1 1
40090 1 1 1
40091 1 1 1
40092 1 1 1
40093 1 1 1
40094 1 1 1
40095 1 1 1
40096 1 1 1
40097 1 1 1
40098 1 1 1
40099 1 1 1
40100 1 0 0
40101 1 0 0
40102 1 0 0
40103 1 0 0
40104 1 0 0
40105 1 0 0
40106 1 0 0
40107 1 0 0
40108 1 0 0
40109 1 0 0
40110 1 0 0
40153 1 0 0
40154 1 0 0
40155 1 0 0
40156 1 0 0
40157 1 0 0
40158 1 0 0
40159 1 0 0
40160 1 0 0
40161 1 0 0
40162 1 0 0
40163 1 0 0
40164 1 0 0
40165 1 0 0
40166 1 0 0
40167 1 0 0
40168 1 0 0
40169 1 0 0
40170 1 0 0
40171 1 0 0
40172 1 0 0
40173 1 0 0
40174 1 0 0
40175 1 0 0
40202 1 0 0
40203 1 0 0
40204 1 0 0
40205 1 0 0
40206 1 0 0
40207 1 0 0
40208 1 0 0
40209 1 0 0
40210 1 0 0
40211 1 0 0
40212 1 0 0
40213 1 0 0
40214 1 0 0
40215 1 0 0
40216 1 0 0
40230 1 0 0
40231 1 0 0
40232 1 0 0
40233 1 0 0
40234 1 0 0
40235 1 0 0
40236 1 0 0
40237 1 0 0
40238 1 0 0
40239 1 0 0
40240 1 0 0
40241 1 0 0
40242 1 0 0
40243 1 0 0
40244 1 0 0
40245 1 0 0
40246 1 0 0
40247 1 0 0
40248 1 0 0
40249 1 0 0
40250 1 0 0
40251 1 0 0
40252 1 0 0
40253 1 0 0
40323 1 0 0
40324 1 0 0
40325 1 0 0
40326 1 0 0
40327 1 0 0
40328 1 0 0
40329 1 0 0
40330 1 0 0
40331 1 0 0
40332 1 0 0
40333 1 0 0
40334 1 0 0
40335 1 0 0
40336 1 0 0
40337 1 0 0
40338 1 0 0
40339 1 0 0
40340 1 0 0
40341 1 0 0
40342 1 0 0
40363 1 0 0
40364 1 0 0
40365 1 0 0
40366 1 0 0
40367 1 0 0
40368 1 0 0
40369 1 0 0
40370 1 0 0
40371 1 0 0
40372 1 0 0
40373 1 0 0
40374 1 0 0
40375 1 0 0
40376 1 0 0
40377 1 0 0
40378 1 0 0
40379 1 0 0
40380 1 0 0
40381 1 0 0
40382 1 0 0
40383 1 0 0
40413 1 0 0
40414 1 0 0
40415 1 0 0
40416 1 0 0
40417 1 0 0
40418 1 0 0
40419 1 0 0
40420 1 0 0
40421 1 0 0
40422 1 0 0
40423 1 0 0
40424 1 0 0
40425 1 0 0
40426 1 0 0
40427 1 0 0
40483 1 0 0
40484 1 0 0
40485 1 0 0
40486 1 0 0
40487 1 0 0
40488 1 0 0
40489 1 0 0
40490 1 0 0
40491 1 0 0
40492 1 0 0
40493 1 0 0
40494 1 0 0
40495 1 0 0
40496 1 0 0
40497 1 0 0
40498 1 0 0
40499 1 0 0
40500 1 0 0
