1
1
1.01062
1
1
1
1
1
1
1.0327
1.0218
1.0109
1
1
1
1
1
1
1
1.03358
1.02239
1.0112
1
1
1
1
1
1
1
1
1.04602
1.03452
1.02301
1.01151
1
1
1
1
1
1
1
1
1.04734
1.0355
1.02367
1.01183
1
1
1
1
1
1
1
1
1.01183
1.06091
1.04873
1.03655
1.02437
1.01218
1
1
1
1
1
1
1
1
1.01218
1.06276
1.05021
1.03766
1.0251
1.01255
1
1
1
1
1
1
1
1
1.01255
1.06472
1.05178
1.03883
1.02589
1.01294
1
1
1
1
1
1
1
1
1.01294
1.06681
1.05345
1.04009
1.02672
1.01336
1
1
1
1
1
1
1
1
1.01336
1.06904
1.05523
1.04142
1.02761
1.01381
1
1
1
1
1
1
1
1
1.01381
1.07142
1.05713
1.04285
1.02857
1.01428
1
1
1
1
1
1
1
1
1.01428
1.07397
1.05917
1.04438
1.02959
1.01479
1
1
1
1
1
1
1
1
1.01479
1.06136
1.04602
1.03068
1.01534
1
1
1
1
1
1
1
1
1.01534
1.06373
1.04779
1.03186
1.01593
1
1
1
1
1
1
1
1
1.01593
1.06627
1.04971
1.03314
1.01657
1
1
1
1
1
1
1
1
1.01657
1.06904
1.05178
1.03452
1.01726
1
1
1
1
1
1
1
1
1.05403
1.03602
1.01801
1
1
1
1
1
1
1
1
1.05648
1.03766
1.01883
1
1
1
1
1
1
1
1
1.05917
1.03945
1.01972
1
1
1
1
1
1
1
1
1.04142
1.02071
1
1
1
1
1
1
1
1
1.0436
1.0218
1
1
1
1
1
1
1
1
1.04602
1.02301
1
1
1
1
1
1
1
1
1.02437
1
1
1
1
1
1
1
1
1.02589
1
1
1
1
1
1
1
1
1
1.02761
1
1
1
1
1
1
1
1
1
1.02959
1
1
1
1
1
1
1
1
1
1
1
1
1
1
1
1
1
1
1
1
1
1
1
1
1
1
1
1
1
1
1
1
1
1
1
1
1
1
1
1
1
1
1
1
1
1
1
1
1
1
1
1
1
1
1
1
1
1
1
1
1
1
1
1
1
1
1
1
1
1
1
1
1
1
1
1
1
1
1
1
1
1
1
1
1
1
1
1
1
1
1
1
1
1
1.05917
1
1
1
1
1
1
1
1
1
1
1
1
1
1
1
1
1
1
1
1
1
1
1
1
1
1
1
1.06904
1
1
1
1
1
1
1
1
1
1
1
1
1
1
1
1
1
1
1
1
1
1
1
1
1
1
1
1
1
1
1.16569
1.08284
1
1
1
1
1
1
1
1
1
1
1
1
1
1
1
1
1
1
1
1
1
1
1
1
1
1
1
1
1
1
1
1
1
1
1
1.20711
1.10355
1
1
1
1
1
1
1
1
1
1
1
1
1
1
1
1
1
1
1
1
1
1
1
1
1
1
1
1
1
1
1
1
1
1
1
1
1
1
1
1
1.27614
1.13807
1
1
1
1
1
1
1
1
1
1
1
1
1
1
1
1
1
1
1
1
1
1
1
1
1
1
1
1
1
1
1
1
1
1
1
1
1
1
1
1
1
1
1
1
1
1
1
1
1
1
1.20711
1
1
1
1
1
1
1
1
1
1
1
1
1
1
1
1
1
1
1
1
1
1
1
1
1
1
1
1
1
1
1
1
1
1
1
1
1
1
1
1
1
1
1
1
1
1
1
1
1
1
1
1
1
1
1
1.41421
1
1
1
1
1
1
1
1
1
1
1
1
1
1
1
1
1
1
1
1
1
1
1
1
1
1
1
1
1
1
1
1
1
1
1
1
1
1
1
1
1
1
1
1
1
1
1
1
1
1
1
1
1
1
1
1
1
1
1
1
1
1
1
1
1
1
1
1
1
1
1
1
1
1
1
1
1
1
1
1
1
1
1
1
1
1
1
1
1
1
1
1
1
1
1
1
1
1
1
1
