0
0
0
0
0
0
0
0
0
1
1
1
1
1
1
2
2
2
2
2
3
3
3
3
4
4
4
4
5
5
5
6
6
6
6
7
7
7
7.41421
8
8
8
8.41421
9
9
9.41421
9.82843
10
10
10.8284
11.2426
11
11
12.2426
12.6569
13.6569
12
12
14.0711
15.0711
16.0711
34.8995
35.8995
36.8995
37.8995
38.8995
39.8995
40.8995
41.8995
42.8995
43.8995
44.8995
45.8995
46.8995
47.8995
13
13
16.4853
17.4853
18.4853
19.4853
20.4853
21.4853
22.4853
23.4853
24.4853
25.4853
26.4853
27.4853
28.4853
29.4853
30.4853
31.4853
32.4853
33.4853
34.4853
47.4853
48.4853
49.4853
50.4853
51.4853
14
14
15
15
16
16
17
17
17
18
18
19
19
20
20
21
21.4142
22.4142
22.8284
23.8284
24.2426
25.2426
25.6569
26.6569
27.0711
27.4853
28.4853
28.8995
29.8995
30.3137
30.7279
31.7279
32.1421
33.1421
33.5563
33.9706
34.9706
35.3848
35.799
36.799
37.2132
37.6274
38.0416
39.0416
39.4558
39.8701
40.2843
40.6985
41.6985
42.1127
42.5269
42.9411
43.3553
43.7696
44.7696
53.7696
54.7696
55.7696
56.7696
57.7696
58.7696
59.7696
45.1838
46.1838
47.1838
48.1838
49.1838
50.1838
51.1838
52.1838
53.1838
54.1838
