1.03452
1.04602
1.05753
1.06904
1.08054
1.09205
1.10355
1.11506
1.12657
1.13807
1.14958
1.16108
1.17259
1.18409
1
1
1.01183
1.02367
1.0355
1.04734
1.05917
1.07101
1.08284
1.09468
1.10651
1.11835
1.13018
1.14202
1.15385
1.16569
1.17752
1.18935
1.20119
1.21302
1
1
1
1
1.01218
1.02437
1.03655
1.04873
1.06091
1.0731
1.08528
1.09746
1.10964
1.12183
1.13401
1.14619
1.15838
1.17056
1.18274
1.19492
1.20711
1.21929
1.23147
1.24366
1
1
1
1
1
1
1.01255
1.0251
1.03766
1.05021
1.06276
1.07531
1.08786
1.10042
1.11297
1.12552
1.13807
1.15062
1.16317
1.17573
1.18828
1.20083
1.21338
1.22593
1.23849
1.25104
1.26359
1
1
1
1
1
1
1
1.01294
1.02589
1.03883
1.05178
1.06472
1.07766
1.09061
1.10355
1.1165
1.12944
1.14239
1.15533
1.16827
1.18122
1.19416
1.20711
1.22005
1.233
1.24594
1.25888
1.29013
1.32138
1
1
1
1
1
1
1
1
1.01336
1.02672
1.04009
1.05345
1.06681
1.08017
1.09353
1.10689
1.12026
1.13362
1.14698
1.16034
1.1737
1.18706
1.20043
1.21379
1.22715
1.24051
1.25387
1.28613
1.31839
1.35065
1.38291
1
1
1
1
1
1
1
1
1
1
1.01381
1.02761
1.04142
1.05523
1.06904
1.08284
1.09665
1.11046
1.12426
1.13807
1.15188
1.16569
1.17949
1.1933
1.20711
1.22091
1.23472
1.24853
1.28186
1.31519
1.34853
1.38186
1.41519
1
1
1
1
1
1
1
1
1
1
1
1.01428
1.02857
1.04285
1.05713
1.07142
1.0857
1.09998
1.11427
1.12855
1.14283
1.15712
1.1714
1.18568
1.19996
1.21425
1.22853
1.24281
1.2773
1.31178
1.34626
1.38075
1.41523
1.44971
1.48419
1
1
1
1
1
1
1
1
1
1
1
1
1.01479
1.02959
1.04438
1.05917
1.07397
1.08876
1.10355
1.11835
1.13314
1.14793
1.16273
1.17752
1.19231
1.20711
1.2219
1.23669
1.27241
1.30812
1.34384
1.37955
1.41526
1.45098
1.48669
1.52241
1
1
1
1
1
1
1
1
1
1
1
1
1
1.01534
1.03068
1.04602
1.06136
1.07671
1.09205
1.10739
1.12273
1.13807
1.15341
1.16875
1.18409
1.19944
1.21478
1.23012
1.26716
1.30419
1.34123
1.37827
1.4153
1.45234
1.48938
1.52641
1.56345
1
1
1
1
1
1
1
1
1
1
1
1
1
1.01593
1.03186
1.04779
1.06373
1.07966
1.09559
1.11152
1.12745
1.14338
1.15931
1.17524
1.19118
1.20711
1.22304
1.2615
1.29996
1.33842
1.37688
1.41535
1.45381
1.49227
1.53073
1.56919
1.60765
1
1
1
1
1
1
1
1
1
1
1
1
1
1
1.01657
1.03314
1.04971
1.06627
1.08284
1.09941
1.11598
1.13255
1.14912
1.16569
1.18225
1.19882
1.21539
1.25539
1.29539
1.33539
1.37539
1.41539
1.45539
1.49539
1.53539
1.57539
1.61539
1.65539
1
1
1
1
1
1
1
1
1
1
1
1
1
1
1
1.01726
1.03452
1.05178
1.06904
1.08629
1.10355
1.12081
1.13807
1.15533
1.17259
1.18985
1.20711
1.24877
1.29044
1.33211
1.37377
1.41544
1.45711
1.49877
1.54044
1.58211
1.62377
1.66544
1.70711
1
1
1
1
1
1
1
1
1
1
1
1
1
1
1
1.01801
1.03602
1.05403
1.07204
1.09005
1.10806
1.12606
1.14407
1.16208
1.18009
1.1981
1.24158
1.28506
1.32854
1.37201
1.41549
1.45897
1.50245
1.54593
1.58941
1.63288
1.67636
1.71984
1
1
1
1
1
1
1
1
1
1
1
1
1
1
1
1
1.01883
1.03766
1.05648
1.07531
1.09414
1.11297
1.1318
1.15062
1.16945
1.18828
1.23373
1.27919
1.32464
1.3701
1.41555
1.46101
1.50646
1.55192
1.59737
1.64282
1.68828
1.73373
1.77919
1
1
1
1
1
1
1
1
1
1
1
1
1
1
1
1
1.01972
1.03945
1.05917
1.0789
1.09862
1.11835
1.13807
1.1578
1.17752
1.22514
1.27276
1.32038
1.368
1.41562
1.46323
1.51085
1.55847
1.60609
1.65371
1.70133
1.74895
1.79657
1
1
1
1
1
1
1
1
1
1
1
1
1
1
1
1
1.02071
1.04142
1.06213
1.08284
1.10355
1.12426
1.14497
1.16569
1.21569
1.26569
1.31569
1.36569
1.41569
1.46569
1.51569
1.56569
1.61569
1.66569
1.71569
1.76569
1
1
1
1
1
1
1
1
1
1
1
1
1
1
1
1
1
1.0218
1.0436
1.0654
1.0872
1.109
1.1308
1.1526
1.20524
1.25787
1.3105
1.36313
1.41576
1.46839
1.52103
1.57366
1.62629
1.67892
1.73155
1
1
1
1
1
1
1
1
1
1
1
1
1
1
1
1
1
1.02301
1.04602
1.06904
1.09205
1.11506
1.13807
1.19363
1.24918
1.30474
1.36029
1.41585
1.4714
1.52696
1.58252
1
1
1
1
1
1
1
1
1
1
1
1
1
1
1
1
1
1
1.02437
1.04873
1.0731
1.09746
1.12183
1.18065
1
1
1
1
1
1
1
1
1
1
1
1
1
1
1
1
1
1
1.02589
1.05178
1.07766
1.10355
1
1
1
1
1
1
1
1
1
1
1
1
1
1
1
1
1
1
1.02761
1.05523
1.08284
1
1
1
1
1
1
1
1
1
1
1
1
1
1
1
1
1
1
1
1.02959
1.05917
1
1
1
1
1
1
1
1
1
1
1
1
1
1
1
1
1
1
1
1.03186
1
1
1
1
1
1
1
1
1
1
1
1
1
1
1
1
1
1
1
1
1.03452
1
1
1
1
1
1
1
1
1
1
1
1
1
1
1
1
1
1
1
1
1
1
1
1
1
1
1
1
1
1
1
1
1
1
1
1
1
1
1
1
1
1
1
1
1
1
1
1
1
1
1
1
1
1
1
1
1
1
1
1
1
1
1
1
1
1
1
1
1
1
1
1
1
1
1
1
1
1
1
1
1
1
1
1
1
1
1
1
1
1
1
1
1
1
1
1
1
1
1
1
1
1
1
1
1
1
1
1
1
1
1
1
1
1
1
1
1
1
1
1
1
1
1
1
1
1
1
1
1
1
1
1
1
1
1
1
1
1
1
1
1
1
1
1
1
1
1
1
1
1
1
1
1
1
1
1
1
1
1
1
1
1
1
1
1
1
1
1
1
1
1
1
1
1
1
1
1
1
1
1
1
1
1
1
1
1
1
1
1
1
1
1
1
1
1
1
1
1
1
1
1
1
1
1
1
1
1
1
1
1
1
1
1
1
1
1
1
1
1
1
1
1
1
1
1
1
1
1
1
1
1
1
1
1
1
1
1
1
1
1
1
1
1
1
1
1
1
1
1
1
1
1
1
1
1
1
1
1
1
1
1
1
1
1
1
1
1
1
1
1
1
1
1
1
1
1
1
1
1
1
1
1
1
1
1
1
1
1
1
1
1
1
1
1
1
1
1
1
1
1
1
1
1
1
1
1
1
1
1
1
1
1
1
1
1
1
1
1
1
1
1
1
1
1
1
1
1
1
1
1
1
1
1
1
1
1
1
1
1
1
1
1
1
1
1
1
1
1
1
1
1
1
1
1
1
1
1
1
1
1
1
1
1
1
1
1
1
1
1
1
1
1
1
1
1
1
1
1
1
1
1
1
1
1
1
1
1
1
1
1
1
1
1
1
1
1
1
1
1
1
1
1
1
1
1
1
1
1
1
1
1
1
1
1
1
1
1
1
1
1
1
1
1
1
1
1
1
1
1
1
1
1
1
1
1
1
1
1
1
1
1
1
1
1
1
1
1
1
1
1
1
1
1
1
1
