1
1
1
1
1
1
1
1
1
1
1
1
1
1
1
1
1
1
1
1
1
1
1
1
1
1
1
1
1
1
1
1
1
1
1
1
1
1
1
1
1
1
1
1
1
1
1
1
1
1
1
1
1
1
1
1
1
1
1
1
1
1
1
1
1
1
1
1
1
1
1
1
1
1
1
1
1
1
1
1
1
1
1
1
1
1
1
1
1
1
1
1
1
1.13807
1
1
1
1
1
1
1
1
1
1
1
1
1.10355
1.20711
1
1
1
1
1
1
1
1
1
1
1
1.08284
1.16569
1.24853
1
1
1
1
1
1
1
1
1
1.06904
1.13807
1.20711
1.27614
1.44281
1
1
1
1
1
1
1
1
1.05917
1.11835
1.17752
1.23669
1.29587
1.43872
1.58158
1
1
1
1
1
1
1.05178
1.10355
1.15533
1.20711
1.25888
1.31066
1.43566
1.56066
1.68566
1
1
1
1
1
1.04602
1.09205
1.13807
1.18409
1.23012
1.27614
1.32217
1.43328
1.54439
1.6555
1.76661
1
1
1
1
1.04142
1.08284
1.12426
1.16569
1.20711
1.24853
1.28995
1.33137
1.43137
1.53137
1.63137
1.73137
1.83137
5.52843
5.62843
5.72843
5.82843
5.92843
6.02843
6.12843
1
1
1
1.03766
1.07531
1.11297
1.15062
1.18828
1.22593
1.26359
1.30125
1.3389
1.42981
1.52072
1.61163
1.70254
1.79345
1.88436
4.80637
4.89728
4.98819
5.0791
5.17001
5.26091
5.35182
5.44273
5.53364
5.62455
1
1
1.03452
1.06904
1.10355
1.13807
1.17259
1.20711
1.24162
1.27614
1.31066
1.34518
1.42851
1.51184
1.59518
1.67851
1.76184
1.84518
1.92851
4.20465
4.28799
4.37132
4.45465
4.53799
4.62132
4.70465
4.78799
4.87132
4.95465
5.03799
5.12132
1
1.03186
1.06373
1.09559
1.12745
1.15931
1.19118
1.22304
1.2549
1.28676
1.31863
1.35049
1.42741
1.50433
1.58126
1.65818
1.7351
1.81203
1.88895
1.96587
3.69551
3.77243
3.84936
3.92628
4.0032
4.08013
4.15705
4.23397
4.31089
4.38782
4.46474
4.54166
4.61859
4.69551
1.02959
1.05917
1.08876
1.11835
1.14793
1.17752
1.20711
1.23669
1.26628
1.29587
1.32545
1.35504
1.42647
1.4979
1.56933
1.64075
1.71218
1.78361
1.85504
1.92647
1.9979
3.2591
3.33053
3.40196
3.47339
3.54482
3.61624
3.68767
3.7591
3.83053
3.90196
3.97339
4.04482
4.11624
4.18767
4.2591
4.33053
1.05523
1.08284
1.11046
1.13807
1.16569
1.1933
1.22091
1.24853
1.27614
1.30376
1.33137
1.35898
1.42565
1.49232
1.55898
1.62565
1.69232
1.75898
1.82565
1.89232
1.95898
2.02565
2.09232
2.88088
2.94755
3.01421
3.08088
3.14755
3.21421
3.28088
3.34755
3.41421
3.48088
3.54755
3.61421
3.68088
3.74755
3.81421
3.88088
3.94755
4.01421
1.07766
1.10355
1.12944
1.15533
1.18122
1.20711
1.23299
1.25888
1.28477
1.31066
1.33655
1.36244
1.42494
1.48744
1.54994
1.61244
1.67494
1.73744
1.79994
1.86244
1.92494
1.98744
2.04994
2.11244
2.17494
2.23744
2.29994
2.36244
2.42494
2.48744
2.54994
2.61244
2.67494
2.73744
2.79994
2.86244
2.92494
2.98744
3.04994
3.11244
3.17494
3.23744
3.29994
3.36244
3.42494
3.48744
3.54994
3.61244
3.67494
3.73744
1.09746
1.12183
1.14619
1.17056
1.19492
1.21929
1.24365
1.26802
1.29239
1.31675
1.34112
1.36548
1.42431
1.48313
1.54195
1.60078
1.6596
1.71842
1.77725
1.83607
1.89489
1.95372
2.01254
2.07136
2.13019
2.18901
2.24784
2.30666
2.36548
2.42431
2.48313
2.54195
2.60078
2.6596
2.71842
2.77725
2.83607
2.89489
2.95372
3.01254
3.07136
3.13019
3.18901
3.24784
3.30666
3.36548
3.42431
3.48313
3.54195
1.13807
1.16108
1.18409
1.20711
1.23012
1.25313
1.27614
1.29915
1.32217
1.34518
1.36819
1.42375
1.4793
1.53486
1.59041
1.64597
1.70152
1.75708
1.81263
1.86819
1.92375
1.9793
2.03486
2.09041
2.14597
2.20152
2.25708
2.31263
2.36819
2.42375
2.4793
2.53486
2.59041
2.64597
2.70152
2.75708
2.81263
2.86819
2.92375
2.9793
3.03486
3.09041
3.14597
3.20152
3.25708
3.31263
3.36819
1.1526
1.17441
1.19621
1.21801
1.23981
1.26161
1.28341
1.30521
1.32701
1.34881
1.37061
1.42324
1.47588
1.52851
1.58114
1.63377
1.6864
1.73903
1.79166
1.8443
1.89693
1.94956
2.00219
2.05482
2.10745
2.16009
2.21272
2.26535
2.31798
2.37061
2.42324
2.47588
2.52851
2.58114
2.63377
2.6864
2.73903
2.79166
2.8443
2.89693
2.94956
3.00219
3.05482
3.10745
3.16009
3.21272
1.16569
1.1864
1.20711
1.22782
1.24853
1.26924
1.28995
1.31066
1.33137
1.35208
1.37279
1.42279
1.47279
1.52279
1.57279
1.62279
1.67279
1.72279
1.77279
1.82279
1.87279
1.92279
1.97279
2.02279
2.07279
2.12279
2.17279
2.22279
2.27279
2.32279
2.37279
2.42279
2.47279
2.52279
2.57279
2.62279
2.67279
2.72279
2.77279
2.82279
2.87279
2.92279
2.97279
3.02279
3.07279
1.19724
1.21697
1.23669
1.25642
1.27614
1.29587
1.31559
1.33532
1.35504
1.37476
1.42238
1.47
1.51762
1.56524
1.61286
1.66048
1.7081
1.75572
1.80334
1.85095
1.89857
1.94619
1.99381
2.04143
2.08905
2.13667
2.18429
2.23191
2.27953
2.32715
2.37476
2.42238
2.47
2.51762
2.56524
2.61286
2.66048
2.7081
2.75572
2.80334
2.85095
2.89857
2.94619
1.20711
1.22593
1.24476
1.26359
1.28242
1.30125
1.32007
1.3389
1.35773
1.37656
1.42201
1.46747
1.51292
1.55838
1.60383
1.64928
1.69474
1.74019
1.78565
1.8311
1.87656
1.92201
1.96747
2.01292
2.05838
2.10383
2.14928
2.19474
2.24019
2.28565
2.3311
2.37656
2.42201
2.46747
2.51292
2.55838
2.60383
2.64928
2.69474
2.74019
2.78565
2.8311
1.23412
1.25213
1.27014
1.28815
1.30616
1.32417
1.34218
1.36019
1.37819
1.42167
1.46515
1.50863
1.55211
1.59559
1.63906
1.68254
1.72602
1.7695
1.81298
1.85646
1.89993
1.94341
1.98689
2.03037
2.07385
2.11733
2.1608
2.20428
2.24776
2.29124
2.33472
2.37819
2.42167
2.46515
2.50863
2.55211
2.59559
2.63906
2.68254
2.72602
1.24162
1.25888
1.27614
1.2934
1.31066
1.32792
1.34518
1.36244
1.3797
1.42136
1.46303
1.5047
1.54636
1.58803
1.6297
1.67136
1.71303
1.7547
1.79636
1.83803
1.8797
1.92136
1.96303
2.0047
2.04636
2.08803
2.1297
2.17136
2.21303
2.2547
2.29636
2.33803
2.3797
2.42136
2.46303
2.5047
2.54636
2.58803
2.6297
1.2651
1.28167
1.29823
1.3148
1.33137
1.34794
1.36451
1.38108
1.42108
1.46108
1.50108
1.54108
1.58108
1.62108
1.66108
1.70108
1.74108
1.78108
1.82108
1.86108
1.90108
1.94108
1.98108
2.02108
2.06108
2.10108
2.14108
2.18108
2.22108
2.26108
2.30108
2.34108
2.38108
2.42108
2.46108
2.50108
2.54108
1.27083
1.28676
1.30269
1.31863
1.33456
1.35049
1.36642
1.38235
1.42081
1.45927
1.49774
1.5362
1.57466
1.61312
1.65158
1.69004
1.7285
1.76697
1.80543
1.84389
1.88235
1.92081
1.95927
1.99774
2.0362
2.07466
2.11312
2.15158
2.19004
2.2285
2.26697
2.30543
2.34389
2.38235
2.42081
2.45927
1.29148
1.30682
1.32217
1.33751
1.35285
1.36819
1.38353
1.42057
1.45761
1.49464
1.53168
1.56872
1.60575
1.64279
1.67983
1.71686
1.7539
1.79094
1.82798
1.86501
1.90205
1.93909
1.97612
2.01316
2.0502
2.08723
2.12427
2.16131
2.19835
2.23538
2.27242
2.30946
2.34649
2.38353
1.29587
1.31066
1.32545
1.34025
1.35504
1.36983
1.38463
1.42034
1.45606
1.49177
1.52748
1.5632
1.59891
1.63463
1.67034
1.70606
1.74177
1.77748
1.8132
1.84891
1.88463
1.92034
1.95606
1.99177
2.02748
2.0632
2.09891
2.13463
2.17034
2.20606
2.24177
2.27748
2.3132
1.31423
1.32851
1.3428
1.35708
1.37136
1.38565
1.42013
1.45461
1.4891
1.52358
1.55806
1.59254
1.62703
1.66151
1.69599
1.73047
1.76496
1.79944
1.83392
1.86841
1.90289
1.93737
1.97185
2.00634
2.04082
2.0753
2.10979
2.14427
2.17875
2.21323
2.24772
1.33137
1.34518
1.35899
1.37279
1.3866
1.41993
1.45327
1.4866
1.51993
1.55327
1.5866
1.61993
1.65327
1.6866
1.71993
1.75327
1.7866
1.81993
1.85327
1.8866
1.91993
1.95327
1.9866
2.01993
2.05327
2.0866
2.11993
2.15327
2.1866
1.3474
1.36077
1.37413
1.38749
1.41975
1.45201
1.48426
1.51652
1.54878
1.58104
1.6133
1.64555
1.67781
1.71007
1.74233
1.77459
1.80685
1.8391
1.87136
1.90362
1.93588
1.96814
2.00039
2.03265
2.06491
2.09717
2.12943
1.36244
1.37538
1.38833
1.41958
1.45083
1.48208
1.51333
1.54458
1.57583
1.60708
1.63833
1.66958
1.70083
1.73208
1.76333
1.79458
1.82583
1.85708
1.88833
1.91958
1.95083
1.98208
2.01333
2.04458
2.07583
1.37656
1.38911
1.41941
1.44972
1.48002
1.51032
1.54063
1.57093
1.60123
1.63153
1.66184
1.69214
1.72244
1.75275
1.78305
1.81335
1.84366
1.87396
1.90426
1.93456
1.96487
1.44867
1.47808
1.5075
1.53691
1.56632
1.59573
1.62514
1.65455
1.68397
1.71338
1.74279
