131.397
131.811
132.225
132.64
133.054
134.054
135.054
129.983
130.397
130.811
131.225
131.64
132.64
133.64
134.64
128.569
128.983
129.397
129.811
130.225
131.225
132.225
133.225
134.225
127.154
127.569
127.983
128.397
128.811
129.811
130.811
131.811
132.811
133.811
125.326
125.74
126.154
126.569
126.983
127.397
128.397
129.397
130.397
131.397
132.397
133.397
123.912
124.326
124.74
125.154
125.569
125.983
126.983
127.983
128.983
129.983
130.983
131.983
132.983
122.083
122.498
122.912
123.326
123.74
124.154
124.569
125.569
126.569
127.569
128.569
129.569
130.569
120.255
120.669
121.083
121.498
121.912
122.326
122.74
123.154
124.154
125.154
126.154
127.154
118.841
119.255
119.669
120.083
120.498
120.912
121.326
121.74
122.74
123.74
124.74
117.426
117.841
118.255
118.669
119.083
119.498
119.912
120.326
121.326
122.326
123.326
116.012
116.426
116.841
117.255
117.669
118.083
118.498
118.912
119.912
120.912
114.598
115.012
115.426
115.841
116.255
116.669
117.083
117.498
118.498
119.498
113.184
113.598
114.012
114.426
114.841
115.255
115.669
116.083
117.083
111.77
112.184
112.598
113.012
113.426
113.841
114.255
114.669
115.669
110.355
110.77
111.184
111.598
112.012
112.426
112.841
113.255
108.941
109.355
109.77
110.184
110.598
111.012
111.426
111.841
107.527
107.941
108.355
108.77
109.184
109.598
110.012
110.426
106.113
106.527
106.941
107.355
107.77
108.184
108.598
109.012
177.853
178.267
178.681
179.096
105.113
105.527
105.941
106.355
106.77
107.184
107.598
108.012
176.024
176.439
176.853
177.267
177.681
178.096
178.51
103.699
104.113
104.527
104.941
105.355
105.77
106.184
106.598
175.024
175.439
175.853
176.267
176.681
177.096
177.51
177.924
102.284
102.699
103.113
103.527
103.941
104.355
104.77
105.184
105.598
173.61
174.024
174.439
174.853
175.267
175.681
176.096
176.51
176.924
101.284
101.699
102.113
102.527
102.941
103.355
103.77
104.184
172.196
172.61
173.024
173.439
173.853
174.267
174.681
175.096
175.51
175.924
99.8701
100.284
100.699
101.113
101.527
101.941
102.355
102.77
103.184
171.196
171.61
172.024
172.439
172.853
173.267
173.681
174.096
174.51
174.924
98.4559
98.8701
99.2843
99.6985
100.113
100.527
100.941
101.355
101.77
102.77
169.782
170.196
170.61
171.024
171.439
171.853
172.267
172.681
173.096
173.51
173.924
102.841
102.426
102.012
101.598
97.4559
97.8701
98.2843
98.6985
99.1127
99.5269
99.9412
100.355
101.355
168.782
169.196
169.61
170.024
170.439
170.853
171.267
171.681
172.096
172.51
102.255
101.841
101.426
101.012
100.598
100.184
96.0416
96.4559
96.8701
97.2843
97.6985
98.1127
98.5269
98.9412
99.9412
100.941
167.368
167.782
168.196
168.61
169.024
169.439
169.853
170.267
170.681
171.096
102.841
101.841
100.841
100.426
100.012
99.598
99.1838
98.7696
94.6274
95.0416
95.4559
95.8701
96.2843
96.6985
97.1127
97.5269
98.5269
99.5269
100.527
166.368
166.782
167.196
167.61
168.024
168.439
168.853
169.267
169.681
102.426
101.426
100.426
99.4264
99.0122
98.598
98.1838
97.7696
97.3554
93.2132
93.6274
94.0416
94.4559
94.8701
95.2843
95.6985
96.1127
97.1127
98.1127
99.1127
164.953
165.368
165.782
166.196
166.61
167.024
167.439
167.853
168.267
103.012
102.012
101.012
100.012
99.0122
98.0122
97.598
97.1838
96.7696
96.3554
95.9412
95.5269
91.799
92.2132
92.6274
93.0416
93.4559
93.8701
94.2843
94.6985
95.6985
96.6985
97.6985
98.6985
163.539
163.953
164.368
164.782
165.196
165.61
166.024
166.439
166.853
102.598
101.598
100.598
99.598
98.598
97.598
96.598
96.1838
95.7696
95.3554
94.9412
94.5269
94.1127
93.6985
93.2843
92.8701
92.4559
92.0416
91.6274
91.2132
90.799
91.2132
91.6274
92.0416
92.4559
92.8701
93.2843
94.2843
95.2843
96.2843
97.2843
168.752
168.338
167.924
167.51
162.125
162.539
162.953
163.368
163.782
164.196
164.61
165.024
165.439
103.184
102.184
101.184
100.184
99.1838
98.1838
97.1838
96.1838
95.1838
94.7696
94.3554
93.9412
93.5269
93.1127
92.6985
92.2843
91.8701
91.4559
91.0416
90.6274
90.2132
89.799
90.2132
90.6274
91.0416
91.4559
91.8701
92.8701
93.8701
94.8701
106.426
168.338
167.338
166.924
166.51
166.096
165.681
165.267
160.711
161.125
161.539
161.953
162.368
162.782
163.196
163.61
164.024
102.77
101.77
100.77
99.7696
98.7696
97.7696
96.7696
95.7696
94.7696
93.7696
93.3554
92.9412
92.5269
92.1127
91.6985
91.2843
90.8701
90.4559
90.0416
89.6274
89.2132
88.799
89.2132
89.6274
90.0416
90.4559
91.4559
92.4559
103.012
104.012
105.012
106.012
167.924
166.924
165.924
165.51
165.096
164.681
164.267
163.853
159.297
159.711
160.125
160.539
160.953
161.368
161.782
162.196
162.61
103.355
102.355
101.355
100.355
99.3554
98.3554
97.3554
96.3554
95.3554
94.3554
93.3554
92.3554
91.9412
91.5269
91.1127
90.6985
90.2843
89.8701
89.4559
89.0416
88.6274
88.2132
87.799
88.2132
88.6274
89.0416
90.0416
101.598
102.598
103.598
104.598
105.598
167.51
166.51
165.51
164.51
164.096
163.681
163.267
162.853
162.439
157.882
158.297
158.711
159.125
159.539
159.953
160.368
160.782
161.196
162.196
103.941
102.941
101.941
100.941
99.9412
98.9412
97.9412
96.9412
95.9412
94.9412
93.9412
92.9412
91.9412
90.9412
90.5269
90.1127
89.6985
89.2843
88.8701
88.4559
88.0416
87.6274
87.2132
86.799
87.2132
87.6274
99.1838
100.184
101.184
102.184
103.184
104.184
105.184
167.096
166.096
165.096
164.096
163.096
162.681
162.267
161.853
161.439
161.024
156.468
156.882
157.297
157.711
158.125
158.539
158.953
159.368
159.782
160.782
107.355
106.355
105.355
104.355
103.355
102.355
101.355
90.5269
89.5269
89.1127
88.6985
88.2843
87.8701
87.4559
87.0416
86.6274
86.2132
85.799
86.2132
97.7696
98.7696
99.7696
100.77
101.77
102.77
103.77
104.77
166.681
165.681
164.681
163.681
162.681
161.681
161.267
160.853
160.439
160.024
159.61
155.054
155.468
155.882
156.297
156.711
157.125
157.539
157.953
158.368
159.368
108.77
107.77
106.77
105.77
104.77
103.77
102.77
89.1127
88.1127
87.6985
87.2843
86.8701
86.4559
86.0416
85.6274
85.2132
84.799
95.3554
96.3554
97.3554
98.3554
99.3554
100.355
101.355
102.355
103.355
104.355
166.267
165.267
164.267
163.267
162.267
161.267
160.267
159.853
159.439
159.024
158.61
158.196
154.468
154.054
154.468
154.882
155.297
155.711
156.125
156.539
156.953
157.953
111.184
110.184
109.184
108.184
107.184
106.184
105.184
104.184
103.77
86.6985
86.2843
85.8701
85.4559
85.0416
84.6274
84.2132
83.799
86.2843
86.6985
87.1127
87.5269
87.9412
88.9412
89.9412
90.9412
91.9412
92.9412
93.9412
94.9412
95.9412
96.9412
97.9412
98.9412
99.9412
100.941
101.941
102.941
103.941
165.853
164.853
163.853
162.853
161.853
160.853
159.853
158.853
158.439
158.024
157.61
157.196
156.782
156.368
154.297
153.882
153.468
153.054
153.468
153.882
154.297
154.711
155.125
155.539
156.539
111.598
110.598
109.598
108.598
107.598
106.598
105.598
105.184
85.2843
84.8701
84.4559
84.0416
83.6274
83.2132
82.799
84.4559
84.8701
85.2843
85.6985
86.1127
86.5269
87.5269
88.5269
89.5269
90.5269
91.5269
92.5269
93.5269
94.5269
95.5269
96.5269
97.5269
98.5269
99.5269
100.527
101.527
102.527
103.527
161.439
160.439
159.439
158.439
157.439
157.024
156.61
156.196
155.782
155.368
154.953
154.539
154.125
153.711
153.297
152.882
152.468
152.054
152.468
152.882
153.297
153.711
154.125
113.012
112.012
111.012
110.012
109.012
108.012
107.012
106.598
106.184
83.8701
83.4559
83.0416
82.6274
82.2132
81.799
83.0416
83.4559
83.8701
84.2843
84.6985
85.1127
86.1127
87.1127
88.1127
89.1127
90.1127
91.1127
92.1127
93.1127
94.1127
95.1127
96.1127
97.1127
98.1127
99.1127
100.113
160.024
159.024
158.024
157.024
156.024
155.61
155.196
154.782
154.368
153.953
153.539
153.125
152.711
152.297
151.882
151.468
151.054
151.468
151.882
152.297
152.711
114.426
113.426
112.426
111.426
110.426
109.426
108.426
108.012
107.598
82.4559
82.0416
81.6274
81.2132
80.799
80.3848
81.6274
82.0416
82.4559
82.8701
83.2843
83.6985
84.6985
85.6985
86.6985
87.6985
88.6985
89.6985
90.6985
91.6985
92.6985
93.6985
94.6985
95.6985
96.6985
97.6985
98.6985
157.61
156.61
155.61
154.61
154.196
153.782
153.368
152.953
152.539
152.125
151.711
151.297
150.882
150.468
150.054
150.468
150.882
151.297
114.841
113.841
112.841
111.841
110.841
109.841
109.426
109.012
108.598
81.4559
81.0416
80.6274
80.2132
79.799
79.3848
80.2132
80.6274
81.0416
81.4559
81.8701
82.2843
83.2843
84.2843
85.2843
86.2843
87.2843
88.2843
89.2843
90.2843
91.2843
92.2843
93.2843
94.2843
95.2843
96.2843
97.2843
98.2843
156.196
155.196
154.196
153.196
152.782
152.368
151.953
151.539
151.125
150.711
150.297
149.882
149.468
149.054
149.468
149.882
116.255
115.255
114.255
113.255
112.255
111.255
110.841
110.426
110.012
80.0416
79.6274
79.2132
78.799
78.3848
77.9706
77.5564
78.3848
78.799
79.2132
79.6274
80.0416
80.4559
80.8701
81.8701
82.8701
83.8701
84.8701
85.8701
86.8701
87.8701
88.8701
89.8701
90.8701
91.8701
92.8701
93.8701
94.8701
95.8701
96.8701
97.8701
153.782
152.782
151.782
151.368
150.953
150.539
150.125
149.711
149.297
148.882
148.468
148.054
148.468
116.669
115.669
114.669
113.669
112.669
112.255
111.841
111.426
111.012
110.669
110.255
109.841
109.426
79.0416
78.6274
78.2132
77.799
77.3848
76.9706
76.5564
76.1421
76.5564
76.9706
77.3848
77.799
78.2132
78.6274
79.0416
79.4559
80.4559
81.4559
82.4559
83.4559
84.4559
85.4559
86.4559
87.4559
88.4559
89.4559
90.4559
91.4559
92.4559
93.4559
94.4559
95.4559
96.4559
97.4559
152.368
151.368
150.368
149.953
149.539
149.125
148.711
148.297
147.882
147.468
147.054
147.468
118.083
117.083
116.083
115.083
114.083
113.669
113.255
112.841
112.426
110.083
109.669
109.255
108.841
108.426
108.012
107.598
77.6274
77.2132
76.799
76.3848
75.9706
75.5564
75.1421
75.5564
75.9706
76.3848
76.799
77.2132
77.6274
78.0416
79.0416
80.0416
81.0416
82.0416
83.0416
84.0416
85.0416
86.0416
87.0416
88.0416
89.0416
90.0416
91.0416
92.0416
93.0416
94.0416
95.0416
96.0416
97.0416
149.953
148.953
148.539
148.125
147.711
147.297
146.882
146.468
146.054
146.468
118.498
117.498
116.498
115.498
115.083
114.669
114.255
113.841
109.498
109.083
108.669
108.255
107.841
107.426
107.012
106.598
76.6274
76.2132
75.799
75.3848
74.9706
74.5564
74.1421
74.5564
74.9706
75.3848
75.799
76.2132
76.6274
77.6274
78.6274
79.6274
80.6274
81.6274
82.6274
83.6274
90.4559
91.4559
92.4559
93.4559
94.4559
95.4559
96.4559
97.4559
98.4559
148.539
147.539
147.125
146.711
146.297
145.882
145.468
145.054
118.912
117.912
116.912
116.498
116.083
115.669
115.255
114.841
108.498
108.083
107.669
107.255
106.841
106.426
106.012
105.598
105.184
75.6274
75.2132
74.799
74.3848
73.9706
73.5564
73.1421
73.5564
73.9706
74.3848
74.799
75.2132
76.2132
77.2132
92.8701
93.8701
94.8701
95.8701
96.8701
97.8701
98.8701
99.8701
147.125
146.125
145.711
145.297
144.882
144.468
144.054
119.326
118.326
117.912
117.498
117.083
116.669
116.255
107.912
107.498
107.083
106.669
106.255
105.841
105.426
105.012
104.598
104.184
74.2132
73.799
73.3848
72.9706
72.5564
72.1421
72.5564
72.9706
73.3848
73.799
95.2843
96.2843
97.2843
98.2843
99.2843
100.284
101.284
145.711
144.711
144.297
143.882
143.468
143.054
120.74
119.74
119.326
118.912
118.498
118.083
117.669
117.255
106.912
106.498
106.083
105.669
105.255
104.841
104.426
104.012
103.598
103.184
73.2132
72.799
72.3848
71.9706
71.5564
71.1421
71.5564
71.9706
72.3848
96.6985
97.6985
98.6985
99.6985
100.699
101.699
102.699
144.297
143.297
142.882
142.468
142.054
141.64
121.154
120.74
120.326
119.912
119.498
119.083
118.669
105.912
105.498
105.083
104.669
104.255
103.841
103.426
103.012
102.598
102.184
72.2132
71.799
71.3848
70.9706
70.5564
70.1421
70.5564
70.9706
98.1127
99.1127
100.113
101.113
102.113
103.113
143.882
142.882
141.882
141.468
141.054
140.64
122.154
121.74
121.326
120.912
120.498
120.083
119.669
105.326
104.912
104.498
104.083
103.669
103.255
102.841
102.426
102.012
101.598
101.184
71.2132
70.799
70.3848
69.9706
69.5564
69.1421
69.5564
99.5269
100.527
101.527
102.527
103.527
142.468
141.468
140.468
140.054
139.64
123.154
122.74
122.326
121.912
121.498
121.083
120.669
104.326
103.912
103.498
103.083
102.669
102.255
101.841
101.426
101.012
100.598
100.184
70.2132
69.799
69.3848
68.9706
68.5564
68.1421
68.5564
100.941
101.941
102.941
103.941
142.054
141.054
140.054
139.054
138.64
124.154
123.74
123.326
122.912
122.498
122.083
104.912
103.912
102.912
102.498
102.083
101.669
101.255
100.841
100.426
100.012
99.598
99.1838
68.799
68.3848
67.9706
67.5564
67.1421
53.9706
53.5564
53.1421
52.7279
52.3137
102.355
103.355
104.355
141.64
140.64
139.64
138.64
137.64
137.225
125.154
124.74
124.326
123.912
123.498
123.083
104.498
103.498
102.498
101.498
101.083
100.669
100.255
99.8407
99.4264
99.0122
98.598
98.1838
67.799
67.3848
66.9706
66.5564
66.1421
53.3848
52.9706
52.5564
52.1421
51.7279
51.3137
50.8995
50.4853
103.77
104.77
141.225
140.225
139.225
138.225
137.225
136.225
126.569
126.154
125.74
125.326
124.912
124.498
105.083
104.083
103.083
102.083
101.083
100.083
99.6691
99.2549
98.8407
98.4264
98.0122
97.598
97.1838
96.7696
66.799
66.3848
65.9706
65.5564
65.1421
52.799
52.3848
51.9706
51.5564
51.1421
50.7279
50.3137
49.8995
49.4853
49.0711
104.77
105.184
140.811
139.811
138.811
137.811
136.811
135.811
134.811
127.983
127.569
127.154
126.74
126.326
125.912
125.498
104.669
103.669
102.669
101.669
100.669
99.6691
98.6691
98.2549
97.8407
97.4264
97.0122
96.598
96.1838
95.7696
65.799
65.3848
64.9706
64.5564
64.1421
63.7279
53.3848
52.3848
51.3848
50.9706
50.5564
50.1421
49.7279
49.3137
48.8995
48.4853
48.0711
47.6569
106.184
140.397
139.397
138.397
137.397
136.397
135.397
134.397
133.397
132.397
131.397
130.397
129.397
128.983
128.569
128.154
127.74
127.326
126.912
104.255
103.255
102.255
101.255
100.255
99.2549
98.2549
97.2549
96.8407
96.4264
96.0122
95.598
95.1838
94.7696
64.799
64.3848
63.9706
63.5564
63.1421
62.7279
52.9706
51.9706
50.9706
49.9706
49.5564
49.1421
48.7279
48.3137
47.8995
47.4853
47.0711
46.6569
46.2426
140.811
139.811
138.811
137.811
136.811
135.811
134.811
133.811
132.811
131.811
130.811
130.397
129.983
129.569
129.154
128.74
128.326
127.912
103.841
102.841
101.841
100.841
99.8407
98.8407
97.8407
96.8407
95.8407
95.4264
95.0122
94.598
94.1838
93.7696
63.799
63.3848
62.9706
62.5564
62.1421
61.7279
53.5564
52.5564
51.5564
50.5564
49.5564
48.5564
48.1421
47.7279
47.3137
46.8995
46.4853
46.0711
45.6569
45.2426
44.8284
141.225
140.225
139.225
138.225
137.225
136.225
135.225
134.225
133.225
132.225
131.811
131.397
130.983
130.569
130.154
129.74
129.326
104.255
103.255
102.255
101.255
100.255
94.4264
94.0122
93.598
93.1838
92.7696
62.799
62.3848
61.9706
61.5564
61.1421
60.7279
60.3137
53.1421
52.1421
51.1421
50.1421
49.1421
48.1421
47.1421
46.7279
46.3137
45.8995
45.4853
45.0711
44.6569
44.2426
43.8284
141.64
140.64
139.64
138.64
137.64
136.64
135.64
134.64
133.64
133.225
132.811
132.397
131.983
131.569
131.154
130.74
130.326
93.4264
93.0122
92.598
92.1838
91.7696
91.3554
61.799
61.3848
60.9706
60.5564
60.1421
59.7279
59.3137
51.7279
50.7279
49.7279
48.7279
47.7279
46.7279
45.7279
45.3137
44.8995
44.4853
44.0711
43.6569
43.2426
42.8284
42.4142
141.054
140.054
139.054
138.054
137.054
136.054
135.054
134.64
134.225
133.811
133.397
132.983
132.569
132.154
131.74
92.0122
91.598
91.1838
90.7696
90.3554
60.799
60.3848
59.9706
59.5564
59.1421
58.7279
58.3137
57.8995
51.3137
50.3137
49.3137
48.3137
47.3137
46.3137
45.3137
44.3137
43.8995
43.4853
43.0711
42.6569
42.2426
41.8284
41.4142
141.468
140.468
139.468
138.468
137.468
136.468
136.054
135.64
135.225
134.811
134.397
133.983
133.569
133.154
132.74
91.4264
91.0122
90.598
90.1838
89.7696
89.3554
59.799
59.3848
58.9706
58.5564
58.1421
57.7279
57.3137
56.8995
49.8995
48.8995
47.8995
46.8995
45.8995
44.8995
43.8995
42.8995
42.4853
42.0711
41.6569
41.2426
40.8284
40.4142
141.882
140.882
139.882
138.882
137.882
137.468
137.054
136.64
136.225
135.811
135.397
134.983
134.569
134.154
133.74
90.4264
90.0122
89.598
89.1838
88.7696
88.3554
58.799
58.3848
57.9706
57.5564
57.1421
56.7279
56.3137
55.8995
48.4853
47.4853
46.4853
45.4853
44.4853
43.4853
42.4853
41.4853
41.0711
40.6569
40.2426
39.8284
39.4142
39.8284
141.297
140.297
139.297
138.882
138.468
138.054
137.64
137.225
136.811
136.397
135.983
135.569
135.154
89.8407
89.4264
89.0122
88.598
88.1838
87.7696
87.3554
57.799
57.3848
56.9706
56.5564
56.1421
55.7279
55.3137
54.8995
40.0711
39.6569
39.2426
38.8284
38.4142
38.8284
140.711
140.297
139.882
139.468
139.054
138.64
138.225
137.811
137.397
136.983
136.569
88.8407
88.4264
88.0122
87.598
87.1838
86.7696
86.3554
56.799
56.3848
55.9706
55.5564
55.1421
54.7279
54.3137
53.8995
38.6569
38.2426
37.8284
37.4142
37.8284
141.297
140.882
140.468
140.054
139.64
139.225
138.811
138.397
137.983
88.2549
87.8407
87.4264
87.0122
86.598
86.1838
85.7696
85.3554
55.799
55.3848
54.9706
54.5564
54.1421
53.7279
53.3137
52.8995
37.2426
36.8284
36.4142
36.8284
37.2426
141.882
141.468
141.054
140.64
140.225
139.811
139.397
87.6691
87.2549
86.8407
86.4264
86.0122
85.598
85.1838
84.7696
84.3554
55.3848
54.3848
53.9706
53.5564
53.1421
52.7279
52.3137
51.8995
36.2426
35.8284
35.4142
35.8284
36.2426
86.6691
86.2549
85.8407
85.4264
85.0122
84.598
84.1838
83.7696
83.3554
54.9706
53.9706
52.9706
52.5564
52.1421
51.7279
51.3137
50.8995
35.2426
34.8284
34.4142
34.8284
35.2426
35.6569
85.6691
85.2549
84.8407
84.4264
84.0122
83.598
83.1838
82.7696
82.3554
54.5564
53.5564
52.5564
51.5564
51.1421
50.7279
50.3137
49.8995
34.2426
33.8284
33.4142
33.8284
34.2426
34.6569
84.6691
84.2549
83.8407
83.4264
83.0122
82.598
82.1838
81.7696
81.3554
54.1421
53.1421
52.1421
51.1421
50.1421
49.7279
49.3137
48.8995
34.0711
33.6569
33.2426
32.8284
32.4142
32.8284
33.2426
33.6569
34.0711
83.6691
83.2549
82.8407
82.4264
82.0122
81.598
81.1838
80.7696
80.3554
53.7279
52.7279
51.7279
50.7279
49.7279
48.7279
48.3137
47.8995
34.3137
33.8995
33.4853
33.0711
32.6569
32.2426
31.8284
31.4142
31.8284
32.2426
32.6569
33.0711
33.4853
82.2549
81.8407
81.4264
81.0122
80.598
80.1838
79.7696
79.3554
52.3137
51.3137
50.3137
49.3137
48.3137
47.3137
46.8995
36.3137
35.3137
34.3137
33.3137
32.8995
32.4853
32.0711
31.6569
31.2426
30.8284
30.4142
30.8284
31.2426
31.6569
32.0711
32.4853
81.2549
80.8407
80.4264
80.0122
79.598
79.1838
78.7696
78.3554
51.8995
50.8995
49.8995
48.8995
47.8995
46.8995
45.8995
36.8995
35.8995
34.8995
33.8995
32.8995
31.8995
31.4853
31.0711
30.6569
30.2426
29.8284
29.4142
29.8284
30.2426
30.6569
31.0711
31.4853
31.8995
79.8407
79.4264
79.0122
78.598
78.1838
77.7696
77.3554
51.4853
50.4853
49.4853
48.4853
47.4853
46.4853
45.4853
44.4853
37.4853
36.4853
35.4853
34.4853
33.4853
32.4853
31.4853
30.4853
30.0711
29.6569
29.2426
28.8284
28.4142
28.8284
29.2426
29.6569
30.0711
30.4853
30.8995
78.8407
78.4264
78.0122
77.598
77.1838
76.7696
76.3554
51.0711
50.0711
49.0711
48.0711
47.0711
46.0711
45.0711
44.0711
43.0711
42.0711
41.0711
40.0711
39.0711
38.0711
37.0711
36.0711
35.0711
34.0711
33.0711
32.0711
31.0711
30.0711
29.0711
28.6569
28.2426
27.8284
27.4142
27.8284
28.2426
28.6569
29.0711
29.4853
29.8995
30.3137
77.4264
77.0122
76.598
76.1838
75.7696
75.3554
49.6569
48.6569
47.6569
46.6569
45.6569
44.6569
43.6569
42.6569
41.6569
40.6569
39.6569
38.6569
37.6569
36.6569
35.6569
34.6569
33.6569
32.6569
31.6569
30.6569
29.6569
28.6569
27.6569
27.2426
26.8284
26.4142
26.8284
27.2426
27.6569
28.0711
28.4853
28.8995
29.3137
76.4264
76.0122
75.598
75.1838
74.7696
74.3554
50.0711
49.0711
48.0711
47.0711
46.0711
45.0711
44.0711
43.0711
42.0711
41.0711
40.0711
39.0711
38.0711
37.0711
36.0711
26.2426
25.8284
25.4142
25.8284
26.2426
26.6569
27.0711
27.4853
27.8995
28.3137
75.4264
75.0122
74.598
74.1838
73.7696
73.3554
72.9412
49.4853
48.4853
47.4853
46.4853
45.4853
44.4853
43.4853
42.4853
41.4853
40.4853
39.4853
38.4853
24.8284
24.4142
24.8284
25.2426
25.6569
26.0711
26.4853
26.8995
27.3137
75.0122
74.0122
73.598
73.1838
72.7696
72.3554
71.9412
49.8995
48.8995
47.8995
46.8995
45.8995
44.8995
43.8995
42.8995
41.8995
40.8995
39.8995
23.4142
23.8284
24.2426
24.6569
25.0711
25.4853
25.8995
26.3137
75.598
74.598
73.598
72.598
72.1838
71.7696
71.3554
70.9412
49.3137
48.3137
47.3137
46.3137
45.3137
44.3137
43.3137
42.3137
41.3137
40.8995
22.4142
22.8284
23.2426
23.6569
24.0711
24.4853
24.8995
25.3137
77.1838
76.1838
75.1838
74.1838
73.1838
72.1838
71.1838
70.7696
70.3554
69.9412
48.7279
47.7279
46.7279
45.7279
44.7279
43.7279
42.7279
42.3137
21.4142
21.8284
22.2426
22.6569
23.0711
23.4853
23.8995
24.3137
79.7696
78.7696
77.7696
76.7696
75.7696
74.7696
73.7696
72.7696
71.7696
70.7696
69.7696
69.3554
68.9412
49.1421
48.1421
47.1421
46.1421
45.1421
44.1421
43.7279
43.3137
20.8284
20.4142
20.8284
21.2426
21.6569
22.0711
22.4853
22.8995
23.8995
81.3554
80.3554
79.3554
78.3554
77.3554
76.3554
75.3554
74.3554
73.3554
72.3554
71.3554
70.3554
69.3554
68.3554
67.9412
67.5269
49.5564
48.5564
47.5564
46.5564
45.5564
45.1421
44.7279
44.3137
19.8284
19.4142
19.8284
20.2426
20.6569
21.0711
21.4853
22.4853
80.9412
79.9412
78.9412
77.9412
76.9412
75.9412
74.9412
73.9412
72.9412
71.9412
70.9412
69.9412
68.9412
67.9412
66.9412
66.5269
48.9706
47.9706
46.9706
46.5564
46.1421
45.7279
45.3137
19.2426
18.8284
18.4142
18.8284
19.2426
19.6569
20.0711
81.5269
80.5269
79.5269
78.5269
77.5269
76.5269
75.5269
74.5269
73.5269
72.5269
71.5269
70.5269
69.5269
68.5269
67.5269
66.5269
65.5269
49.3848
48.3848
47.9706
47.5564
47.1421
46.7279
46.3137
19.0711
18.6569
18.2426
17.8284
17.4142
17.8284
18.2426
18.6569
81.1127
80.1127
79.1127
78.1127
77.1127
76.1127
75.1127
74.1127
73.1127
72.1127
71.1127
70.1127
69.1127
68.1127
67.1127
66.1127
65.1127
64.1127
50.799
49.799
49.3848
48.9706
48.5564
48.1421
47.7279
47.3137
18.8995
18.4853
18.0711
17.6569
17.2426
16.8284
16.4142
16.8284
17.2426
79.6985
78.6985
77.6985
76.6985
75.6985
74.6985
73.6985
72.6985
71.6985
70.6985
69.6985
68.6985
67.6985
66.6985
65.6985
64.6985
63.6985
62.6985
51.2132
50.799
50.3848
49.9706
49.5564
49.1421
48.7279
48.3137
18.3137
17.8995
17.4853
17.0711
16.6569
16.2426
15.8284
15.4142
15.8284
78.2843
77.2843
76.2843
75.2843
74.2843
73.2843
72.2843
71.2843
70.2843
69.2843
68.2843
67.2843
66.2843
65.2843
64.2843
63.2843
62.2843
61.2843
52.6274
52.2132
51.799
51.3848
50.9706
50.5564
50.1421
49.7279
17.7279
17.3137
16.8995
16.4853
16.0711
15.6569
15.2426
14.8284
14.4142
14.8284
17.5563
17.1421
16.7279
16.3137
67.8701
66.8701
65.8701
64.8701
63.8701
62.8701
61.8701
60.8701
59.8701
54.0416
53.6274
53.2132
52.799
52.3848
51.9706
51.5564
51.1421
50.7279
17.7279
16.7279
16.3137
15.8995
15.4853
15.0711
14.6569
14.2426
13.8284
13.4142
17.9706
16.9706
16.5563
16.1421
15.7279
15.3137
14.8995
65.4559
64.4559
63.4559
62.4559
61.4559
60.4559
59.4559
58.4559
57.4559
56.4559
55.4559
55.0416
54.6274
54.2132
53.799
53.3848
52.9706
52.5564
52.1421
51.7279
17.3137
16.3137
15.3137
14.8995
14.4853
14.0711
13.6569
13.2426
12.8284
12.4142
12
17.5563
16.5563
15.5563
15.1421
14.7279
14.3137
13.8995
13.4853
63.8701
62.8701
61.8701
60.8701
59.8701
58.8701
57.8701
56.8701
56.4559
56.0416
55.6274
55.2132
54.799
54.3848
53.9706
53.5564
53.1421
52.7279
16.8995
15.8995
14.8995
13.8995
13.4853
13.0711
12.6569
12.2426
11.8284
11.4142
11
10
10
18.1421
17.1421
16.1421
15.1421
14.1421
13.7279
13.3137
12.8995
12.4853
12.0711
63.2843
62.2843
61.2843
60.2843
59.2843
58.2843
57.8701
57.4559
57.0416
56.6274
56.2132
55.799
55.3848
54.9706
54.5564
54.1421
53.7279
16.4853
15.4853
14.4853
13.4853
12.4853
12.0711
11.6569
11.2426
10.8284
10.4142
10
10
9
9
9
9
9
9
9.41421
9.82843
17.7279
16.7279
15.7279
14.7279
13.7279
12.7279
12.3137
11.8995
11.4853
11.0711
63.6985
62.6985
61.6985
60.6985
59.6985
59.2843
58.8701
58.4559
58.0416
57.6274
57.2132
56.799
56.3848
55.9706
55.5564
55.1421
16.0711
15.0711
14.0711
13.0711
12.0711
11.0711
10.6569
10.2426
9.82843
9.41421
9
9
9
8
8
8
8
8
8
8
8.41421
8.82843
9.24264
17.3137
16.3137
15.3137
14.3137
13.3137
12.3137
11.3137
10.8995
10.4853
10.0711
9.65685
63.1127
62.1127
61.1127
60.6985
60.2843
59.8701
59.4559
59.0416
58.6274
58.2132
57.799
57.3848
56.9706
56.5564
14.6569
13.6569
12.6569
11.6569
10.6569
9.65685
9.24264
8.82843
8.41421
8
8
8
8
8
8
7
7
7
7
7
7
7
7
7
7.41421
7.82843
8.24264
8.65685
16.8995
15.8995
14.8995
13.8995
12.8995
11.8995
10.8995
9.89949
9.48528
9.07107
8.65685
8.24264
7.82843
7.41421
7
7
7
62.5269
62.1127
61.6985
61.2843
60.8701
60.4559
60.0416
59.6274
59.2132
58.799
58.3848
57.9706
57.5564
13.2426
12.2426
11.2426
10.2426
9.24264
8.24264
7.82843
7.41421
7
7
7
7
7
7
7
6
6
6
6
6
6
6
6
6
6.41421
6.82843
7.24264
7.65685
14.4853
13.4853
12.4853
11.4853
10.4853
9.48528
8.48528
8.07107
7.65685
7.24264
6.82843
6.41421
6
6
6
6
6
6
6
6
62.6985
62.2843
61.8701
61.4559
61.0416
60.6274
60.2132
59.799
59.3848
10.8284
9.82843
8.82843
7.82843
6.82843
6.41421
6
6
6
6
6
6
6
5
5
5
5
5
5
5
5
5
5.41421
5.82843
6.24264
6.65685
11.0711
10.0711
9.07107
8.07107
7.07107
6.65685
6.24264
5.82843
5.41421
5
5
5
5
5
5
5
5
5
62.8701
62.4559
62.0416
61.6274
61.2132
6.41421
5.41421
5
5
5
5
5
5
5
4
4
4
4
4
4
4
4
4
4.41421
4.82843
5.24264
5.65685
7.65685
6.65685
5.65685
5.24264
4.82843
4.41421
4
4
4
4
4
4
4
4
4
4
4
4
4
4
4
4
4
4
3
3
3
3
3
3
3
3
3
3.41421
3.82843
4.24264
5.24264
4.24264
3.82843
3.41421
3
3
3
3
3
3
3
3
3
3
3
3
3
3
3
3
3
3
2
2
2
2
2
2
2
2
2
2
2.41421
2.82843
3.82843
2.82843
2.41421
2
2
2
2
2
2
2
2
2
2
2
2
2
2
2
2
2
2
2
2
2
2
2
1
1
1
1
1
1
1
1
1
1
1
1.41421
2.41421
1.41421
1
1
1
1
1
1
1
1
1
1
1
1
1
1
1
1
1
1
1
1
1
1
1
1
1
1
0
0
0
0
0
0
0
0
0
0
0
0
0
0
0
0
0
0
0
0
0
0
0
0
0
0
0
0
0
0
0
0
0
0
0
0
0
0
0
0
0
0
