0
0
0
0
0
0
0
0
0
0
0
0
0
0
1
1
1
1
1
1
1
1
1
1
1
2
2
2
2
2
3
3
3
3
3.41421
4
4
4.41421
4.82843
5
5
5
5.82843
6.24264
6
6
7.24264
7.65685
8.65685
7
7
7
9.07107
10.0711
11.0711
8
8
11.4853
12.4853
13.4853
9
9
13.8995
14.8995
15.8995
10
10
16.3137
17.3137
18.3137
55.2843
56.2843
57.2843
58.2843
59.2843
60.2843
61.2843
11
11
18.7279
19.7279
20.7279
52.8701
53.8701
54.8701
60.8701
61.8701
12
12
21.1421
22.1421
23.1421
50.4558
51.4558
52.4558
13
13.4142
23.5563
24.5563
25.5563
48.0416
49.0416
50.0416
14.4142
14.8284
25.9706
26.9706
27.9706
45.6274
46.6274
47.6274
15.8284
16.2426
28.3848
29.3848
30.3848
31.3848
43.2132
44.2132
45.2132
17.2426
17.6569
31.799
32.799
33.799
34.799
35.799
36.799
37.799
38.799
39.799
40.799
41.799
42.799
18.6569
19.0711
19.4853
20.4853
20.8995
21.8995
22.3137
23.3137
23.7279
24.1421
25.1421
25.5563
26.5563
26.9706
27.3848
28.3848
28.799
29.799
30.2132
30.6274
31.6274
32.0416
33.0416
33.4558
33.87
34.87
35.2843
36.2843
36.6985
37.1127
38.1127
38.5269
38.9411
39.9411
40.3553
40.7696
41.7696
42.1838
42.598
43.598
44.0122
44.4264
64.4264
65.4264
66.4264
45.4264
45.8406
46.8406
47.8406
48.8406
58.8406
59.8406
60.8406
61.8406
62.8406
63.8406
64.8406
49.2548
50.2548
51.2548
52.2548
53.2548
54.2548
55.2548
56.2548
57.2548
58.2548
59.2548
