49.4853
49.0711
48.6569
49.3137
48.8995
48.4853
47.6569
47.2426
46.8284
48.3137
45.8284
45.4142
47.7279
47.3137
44.4142
44
46.7279
43
45.7279
42
42
44.7279
41
43.7279
43.3137
40
40
42.3137
39
41.3137
40.8995
38
38
39.8995
39.4853
37
38.4853
36
36
37.4853
37.0711
35
36.0711
34
34
35.0711
34.6569
33
33.6569
32
32
32.6569
32.2426
31
31.2426
30
30.4142
30.2426
29.4142
29.2426
28.8284
28.4142
27.8284
27.4142
26.8284
26.4142
25.8284
25.4142
25.8284
24.8284
24.4142
24.8284
23.8284
23.4142
22.8284
22.4142
21.8284
21.4142
20.8284
20.4142
20.2426
19.8284
19
19.4142
19.2426
18
18.2426
17
17.2426
16
16.2426
15
15.2426
14
14.2426
13
13.2426
12
13.0711
12.6569
12.2426
11.8284
11.4142
11
11
12.2426
11
12.4853
12.0711
10
10
10
11.2426
10
9
9
11.8995
11.4853
9
9
10.2426
9.82843
9
9
8
8
8
8
8
8.41421
10.8995
8
8
8
8.82843
8
7
7
7
7.41421
7.82843
9.89949
7
7
7.82843
7
7
6
6
6.82843
9.48528
6
6
6
6.82843
6.41421
6
5
5
5.82843
9.07107
8.07107
5
5
5.41421
5
5
4
4
4
4
4.82843
7.65685
6.65685
4
4
4.41421
4
3
3
3
3
3.41421
3.82843
6.24264
5.24264
3
3
3
3
2
2
2
2
2
2.41421
4.82843
3.82843
2
2
2
1
1
1
1
1
1
1
3.41421
2.41421
1.41421
1
1
1
1
1
1
0
0
0
0
0
0
0
0
0
0
0
0
0
0
0
