0
0
0
0
0
0
0
0
0
0
0
0
0
0
0
0
0
0
0
0
0
0
0
0
0
0
0
0
0
0
0
0
0
0
0
0
0
1
1
1
1
1
1
1
1
1
1
1
1
1
1
1
1
1
1
1
1
1
1
1
1
1
1
1
1
1
1
1
1
2
2
2
2
2
2
2
2
2
2
2
2
2
2
2.41421
2
2
2
2
2
2
2
2
2
2
2
2
3
3
3
3
3
3
3
3
3
3
3
3.41421
3.82843
4.82843
3
3
3
4
4
4
4
4
4
4
4
4
4.41421
4.82843
5.24264
6.24264
7.24264
5
5
5
5
5
5
5
5.41421
5.82843
6.24264
6.65685
7.65685
8.65685
9.65685
10.6569
11.6569
72.7401
73.7401
74.7401
6
6
6
6
6.41421
6.82843
7.24264
7.65685
8.07107
9.07107
10.0711
11.0711
12.0711
13.0711
14.0711
15.0711
16.0711
17.0711
18.0711
19.0711
71.3259
72.3259
73.3259
74.3259
7
7
7.41421
7.82843
8.24264
8.65685
9.07107
9.48528
10.4853
11.4853
12.4853
13.4853
14.4853
15.4853
16.4853
17.4853
18.4853
19.4853
20.4853
21.4853
22.4853
69.4975
69.9117
70.9117
71.9117
72.9117
73.9117
8.41421
8.82843
9.24264
9.65685
10.0711
10.4853
10.8995
11.8995
12.8995
13.8995
14.8995
15.8995
16.8995
17.8995
18.8995
19.8995
20.8995
21.8995
22.8995
23.8995
24.8995
25.8995
68.0833
68.4975
69.4975
70.4975
71.4975
72.4975
73.4975
9.82843
10.2426
10.6569
11.0711
11.4853
11.8995
12.3137
13.3137
14.3137
15.3137
16.3137
17.3137
18.3137
19.3137
20.3137
21.3137
22.3137
23.3137
24.3137
25.3137
26.3137
27.3137
66.6691
67.0833
68.0833
69.0833
70.0833
71.0833
72.0833
73.0833
11.6569
12.0711
12.4853
12.8995
13.3137
13.7279
14.7279
15.7279
16.7279
17.7279
18.7279
19.7279
20.7279
21.7279
22.7279
23.7279
24.7279
25.7279
26.7279
27.7279
28.7279
65.2548
65.6691
66.6691
67.6691
68.6691
69.6691
70.6691
71.6691
72.6691
13.0711
13.4853
13.8995
14.3137
14.7279
15.1421
16.1421
17.1421
18.1421
19.1421
20.1421
21.1421
22.1421
23.1421
24.1421
25.1421
26.1421
27.1421
28.1421
29.1421
30.1421
63.8406
64.2548
65.2548
66.2548
67.2548
68.2548
69.2548
70.2548
71.2548
72.2548
14.4853
14.8995
15.3137
15.7279
16.1421
16.5563
17.5563
18.5563
19.5563
20.5563
21.5563
22.5563
23.5563
24.5563
25.5563
26.5563
27.5563
28.5563
29.5563
30.5563
31.5563
62.4264
62.8406
63.8406
64.8406
65.8406
66.8406
67.8406
68.8406
69.8406
70.8406
71.8406
15.8995
16.3137
16.7279
17.1421
17.5563
17.9706
18.9706
19.9706
20.9706
21.9706
22.9706
23.9706
24.9706
25.9706
26.9706
27.9706
28.9706
29.9706
30.9706
31.9706
61.0122
61.4264
62.4264
63.4264
64.4264
65.4264
66.4264
67.4264
68.4264
69.4264
70.4264
71.4264
17.3137
17.7279
18.1421
18.5563
18.9706
19.3848
20.3848
21.3848
22.3848
23.3848
24.3848
25.3848
26.3848
27.3848
28.3848
29.3848
30.3848
31.3848
32.3848
33.3848
60.0122
61.0122
62.0122
63.0122
64.0122
65.0122
66.0122
67.0122
68.0122
69.0122
70.0122
71.0122
18.7279
19.1421
19.5563
19.9706
20.3848
20.799
21.799
22.799
23.799
24.799
25.799
26.799
27.799
28.799
29.799
30.799
31.799
32.799
33.799
34.799
58.598
59.598
60.598
61.598
62.598
63.598
64.598
65.598
66.598
67.598
68.598
69.598
70.598
20.1421
20.5563
20.9706
21.3848
21.799
22.2132
23.2132
24.2132
25.2132
26.2132
27.2132
28.2132
29.2132
30.2132
31.2132
32.2132
33.2132
34.2132
35.2132
57.1838
58.1838
59.1838
60.1838
61.1838
62.1838
63.1838
64.1838
65.1838
66.1838
67.1838
68.1838
69.1838
70.1838
21.5563
21.9706
22.3848
22.799
23.2132
23.6274
24.6274
25.6274
26.6274
27.6274
28.6274
29.6274
30.6274
31.6274
32.6274
33.6274
34.6274
35.6274
36.6274
55.7696
56.7696
57.7696
58.7696
59.7696
60.7696
61.7696
62.7696
63.7696
64.7696
65.7696
66.7696
67.7696
68.7696
69.7696
22.9706
23.3848
23.799
24.2132
24.6274
25.0416
26.0416
27.0416
28.0416
29.0416
30.0416
31.0416
32.0416
33.0416
34.0416
35.0416
36.0416
37.0416
54.3553
55.3553
56.3553
57.3553
58.3553
59.3553
60.3553
61.3553
62.3553
63.3553
64.3553
65.3553
66.3553
67.3553
68.3553
69.3553
24.3848
24.799
25.2132
25.6274
26.0416
26.4558
27.4558
28.4558
29.4558
30.4558
31.4558
32.4558
33.4558
34.4558
35.4558
36.4558
37.4558
38.4558
52.9411
53.9411
54.9411
55.9411
56.9411
57.9411
58.9411
59.9411
60.9411
61.9411
62.9411
63.9411
64.9411
65.9411
66.9411
67.9411
68.9411
25.799
26.2132
26.6274
27.0416
27.4558
27.8701
28.8701
29.8701
30.8701
31.8701
32.8701
33.8701
34.8701
35.8701
36.8701
37.8701
38.8701
39.8701
50.5269
51.5269
52.5269
53.5269
54.5269
55.5269
56.5269
57.5269
58.5269
59.5269
60.5269
61.5269
62.5269
63.5269
64.5269
65.5269
66.5269
67.5269
68.5269
27.2132
27.6274
28.0416
28.4558
28.8701
29.2843
30.2843
31.2843
32.2843
33.2843
34.2843
35.2843
36.2843
37.2843
38.2843
39.2843
40.2843
41.2843
42.2843
43.2843
48.1127
49.1127
50.1127
51.1127
52.1127
53.1127
54.1127
55.1127
56.1127
57.1127
58.1127
59.1127
60.1127
61.1127
62.1127
63.1127
64.1127
65.1127
66.1127
67.1127
68.1127
29.0416
29.4558
29.8701
30.2843
30.6985
31.6985
32.6985
33.6985
34.6985
35.6985
36.6985
37.6985
38.6985
39.6985
40.6985
41.6985
42.6985
43.6985
44.6985
45.6985
46.6985
47.6985
48.6985
49.6985
50.6985
51.6985
52.6985
53.6985
54.6985
55.6985
56.6985
57.6985
58.6985
59.6985
60.6985
61.6985
62.6985
63.6985
64.6985
65.6985
66.6985
67.6985
30.8701
31.2843
31.6985
32.1127
33.1127
34.1127
35.1127
36.1127
37.1127
38.1127
39.1127
40.1127
41.1127
42.1127
43.1127
44.1127
45.1127
46.1127
47.1127
48.1127
49.1127
50.1127
51.1127
52.1127
53.1127
54.1127
55.1127
56.1127
57.1127
58.1127
59.1127
60.1127
61.1127
62.1127
63.1127
64.1127
65.1127
66.1127
67.1127
68.1127
33.1127
33.5269
34.5269
35.5269
36.5269
37.5269
38.5269
39.5269
40.5269
41.5269
42.5269
43.5269
44.5269
45.5269
46.5269
47.5269
48.5269
49.5269
50.5269
51.5269
52.5269
53.5269
54.5269
55.5269
56.5269
57.5269
58.5269
59.5269
60.5269
61.5269
62.5269
63.5269
64.5269
65.5269
66.5269
67.5269
68.5269
35.9411
36.9411
37.9411
38.9411
39.9411
40.9411
41.9411
42.9411
43.9411
44.9411
45.9411
46.9411
47.9411
48.9411
49.9411
50.9411
51.9411
52.9411
53.9411
54.9411
55.9411
56.9411
57.9411
58.9411
59.9411
60.9411
61.9411
62.9411
63.9411
64.9411
65.9411
66.9411
67.9411
68.9411
38.3553
39.3553
40.3553
41.3553
42.3553
43.3553
44.3553
45.3553
46.3553
47.3553
48.3553
49.3553
50.3553
51.3553
52.3553
53.3553
54.3553
55.3553
56.3553
57.3553
58.3553
59.3553
60.3553
61.3553
62.3553
63.3553
64.3553
65.3553
66.3553
67.3553
68.3553
69.3553
40.7696
41.7696
42.7696
43.7696
44.7696
45.7696
46.7696
47.7696
48.7696
49.7696
50.7696
51.7696
52.7696
53.7696
54.7696
55.7696
56.7696
57.7696
58.7696
59.7696
60.7696
61.7696
62.7696
63.7696
64.7696
65.7696
66.7696
67.7696
68.7696
69.7696
42.1838
43.1838
44.1838
45.1838
46.1838
47.1838
48.1838
49.1838
50.1838
51.1838
52.1838
53.1838
54.1838
55.1838
56.1838
57.1838
58.1838
59.1838
60.1838
61.1838
62.1838
63.1838
64.1838
65.1838
66.1838
67.1838
68.1838
69.1838
70.1838
43.598
44.598
45.598
46.598
47.598
48.598
49.598
50.598
51.598
52.598
53.598
54.598
55.598
56.598
57.598
58.598
59.598
60.598
61.598
62.598
63.598
64.598
65.598
66.598
67.598
68.598
69.598
70.598
44.598
45.0122
46.0122
47.0122
48.0122
49.0122
50.0122
51.0122
52.0122
53.0122
54.0122
55.0122
56.0122
57.0122
58.0122
59.0122
60.0122
61.0122
62.0122
63.0122
64.0122
65.0122
66.0122
67.0122
68.0122
69.0122
70.0122
71.0122
46.0122
46.4264
47.4264
48.4264
49.4264
50.4264
51.4264
52.4264
53.4264
54.4264
55.4264
56.4264
57.4264
58.4264
59.4264
60.4264
61.4264
62.4264
63.4264
64.4264
65.4264
66.4264
67.4264
68.4264
69.4264
70.4264
71.4264
47.4264
47.8406
48.8406
49.8406
50.8406
51.8406
52.8406
53.8406
54.8406
55.8406
56.8406
57.8406
58.8406
59.8406
60.8406
61.8406
62.8406
63.8406
64.8406
65.8406
66.8406
67.8406
68.8406
69.8406
70.8406
71.8406
48.4264
48.8406
49.2548
50.2548
51.2548
52.2548
53.2548
54.2548
55.2548
56.2548
57.2548
58.2548
59.2548
60.2548
61.2548
62.2548
63.2548
64.2548
65.2548
49.8406
50.2548
50.6691
51.6691
52.6691
53.6691
54.6691
55.6691
56.6691
57.6691
58.6691
59.6691
60.6691
61.6691
62.6691
63.6691
51.2548
51.6691
52.0833
53.0833
54.0833
55.0833
56.0833
57.0833
58.0833
59.0833
60.0833
61.0833
53.0833
53.4975
54.4975
55.4975
56.4975
57.4975
58.4975
59.4975
