37.2426
37.6569
38.0711
38.4853
38.8995
39.3137
39.7279
40.1421
40.5563
40.9706
41.3848
41.799
42.2132
42.6274
35
35
35.4142
35.8284
36.2426
41.6274
42.0416
42.4558
34
34
34
41.4558
41.8701
42.2843
33
33
33
41.2843
41.6985
32
32
41.2843
42.2843
32
41.8701
42.8701
31
31
31
42.4558
30
30
42.0416
43.0416
29
29
42.6274
28
28
42.2132
27
41.799
26
26
41.3848
25
25
39.9706
40.9706
24
39.5563
23
23
38.1421
39.1421
22
35.7279
36.7279
37.7279
21
33.3137
34.3137
35.3137
20
20
28.8995
29.8995
30.8995
31.8995
32.8995
19
20.4853
21.4853
22.4853
23.4853
24.4853
25.4853
26.4853
27.4853
28.4853
18
18
18.6569
19.0711
20.0711
17
17.2426
17.6569
16
15.8284
16.2426
15
15
14.4142
14.8284
14
13.4142
13
13
12
12.4142
12
11
11
11
10
10
10
9
9
9
8
8
8
8
7
7
7
6
6
6
6
5
5
5
5
5
5
4
4
4
4
4
4
4
4
4
4
4
4
4
4
4
3
3
3
3
3
3
2
2
2
2
2
1
1
1
1
1
1
0
0
0
0
0
0
0
0
0
