50.8995
50.4853
50.7279
50.3137
49.8995
49.4853
49.0711
48.6569
50.1421
49.7279
47.6569
47.2426
49.5564
49.1421
46.2426
45.8284
48.5564
44.8284
44.4142
47.5564
43.4142
46.5564
46.1421
42.4142
42
45.1421
41
44.1421
43.7279
40
40
42.7279
42.3137
39
41.3137
40.8995
38
39.8995
37
37
38.8995
38.4853
36
37.4853
35
35
36.4853
36.0711
34
34
35.0711
33
34.0711
33.6569
32
32.4142
32.6569
31.4142
31.6569
30.4142
30.8284
30.6569
29.8284
29.6569
29.2426
28.8284
29.2426
28.2426
28.2426
27.2426
27.2426
26.2426
26.2426
25.2426
25.2426
24.2426
24.2426
23.2426
22.8284
23.2426
22.2426
21.8284
21.2426
20.8284
20.2426
19.4142
19.8284
19.2426
18.4142
18.6569
18.2426
17.4142
17.6569
16
16.4142
16.6569
15
16.0711
15.6569
14
15.0711
13
14.0711
12
14.7279
14.3137
13.8995
13.4853
13.0711
12.6569
12.2426
13.0711
11
14.1421
13.7279
11.2426
10.8284
10.4142
12.0711
11.6569
10
10
9
9
9
9.41421
9.82843
13.7279
9.41421
9
9
10.6569
9
8
8
8
8.82843
9.24264
14.3137
13.3137
8
8
9.65685
8
8
7
7
8.24264
8.65685
13.8995
12.8995
7
7
7
8.65685
8.24264
7
6
6
7.65685
12.4853
6
6
6
7.24264
6.82843
6
6
5
5
6.65685
12.0711
11.0711
5
5
5.82843
5
5
4
4
4
4
5.24264
5.65685
10.6569
9.65685
4
4
4
4.82843
4.41421
3
3
3
3
3.82843
4.24264
9.24264
8.24264
3
3
3.41421
2
2
2
2.41421
2.82843
7.82843
6.82843
5.82843
2
2
2
2.41421
1
1
1
1
1
1.41421
5.41421
4.41421
3.41421
2.41421
1.41421
1
1
1
1.41421
1
0
0
0
0
0
0
0
0
0
0
0
0
0
0
