1
1
1
1
1
1
1
1
1
1
1
1
1
1
1
1
1
1
1
1
1
1
1
1
1
1
1
1
1
1
1
1
1
1
1
1
1
1
1
1
1
1
1
1
1
1.41421
1
1
1
1
1
1
1
1
1
1
1
1
1
1
1
1
1
1.41421
2.41421
3.41421
4.41421
5.41421
6.41421
1
1
1
1
1
1
1
1
1
1
1
1
1
1
1
1
1.41421
1.20711
1
1
1
1
1
1
1
1
1
1
1
1
1
1
1
1
1
1.20711
1.41421
1.91421
2.41421
2.91421
3.41421
3.91421
4.41421
4.91421
1
1
1
1
1
1
1
1
1
1
1
1
1.27614
1.13807
1
1
1
1
1
1
1
1
1
1
1
1
1
1
1
1
1
1.13807
1.27614
1.41421
1.74755
2.08088
2.41421
2.74755
3.08088
3.41421
3.74755
4.08088
1
1
1
1
1
1
1
1
1
1
1
1.20711
1.10355
1
1
1
1
1
1
1
1
1
1
1
1
1
1
1
1
1.10355
1.20711
1.31066
1.41421
1.66421
1.91421
2.16421
2.41421
2.66421
2.91421
3.16421
3.41421
3.66421
1
1
1
1
1
1
1
1
1.16569
1.08284
1
1
1
1
1
1
1
1
1
1.08284
1.16569
1.24853
1.33137
1.41421
1.61421
1.81421
2.01421
2.21421
2.41421
2.61421
2.81421
3.01421
3.21421
1
1
1
1.06904
1
1
1
1
1
1
1
1.20711
1.27614
1.34518
1.41421
1.58088
1.74755
1.91421
2.08088
2.24755
2.41421
2.58088
2.74755
2.91421
1
1
1
1
1
1
1.29587
1.35504
1.41421
1.55707
1.69993
1.84278
1.98564
2.1285
2.27136
2.41421
2.55707
2.69993
2.84278
1.31066
1.36244
1.41421
1.53921
1.66421
1.78921
1.91421
2.03921
2.16421
2.28921
2.41421
2.53921
2.66421
1.36819
1.41421
1.52532
1.63644
1.74755
1.85866
1.96977
2.08088
2.19199
2.3031
2.41421
2.52532
2.63644
2.74755
1.51421
1.61421
1.71421
1.81421
1.91421
2.01421
2.11421
2.21421
2.31421
2.41421
2.51421
2.61421
2.71421
2.81421
2.91421
3.01421
3.11421
3.21421
3.31421
3.41421
3.51421
3.61421
1.59603
1.68694
1.77785
1.86876
1.95967
2.05058
2.14149
2.23239
2.3233
2.41421
2.50512
2.59603
2.68694
2.77785
2.86876
2.95967
3.05058
3.14149
3.23239
3.3233
3.41421
1.58088
1.66421
1.74755
1.83088
1.91421
1.99755
2.08088
2.16421
2.24755
2.33088
2.41421
2.49755
2.58088
2.66421
2.74755
2.83088
2.91421
2.99755
3.08088
3.16421
3.24755
1.56806
1.64498
1.72191
1.79883
1.87575
1.95267
2.0296
2.10652
2.18344
2.26037
2.33729
2.41421
2.49114
2.56806
2.64498
2.72191
2.79883
2.87575
2.95267
3.0296
1.55707
1.6285
1.69993
1.77136
1.84278
1.91421
1.98564
2.05707
2.1285
2.19993
2.27136
2.34278
2.41421
2.48564
2.55707
2.6285
2.69993
2.77136
2.84278
1.54755
1.61421
1.68088
1.74755
1.81421
1.88088
1.94755
2.01421
2.08088
2.14755
2.21421
2.28088
2.34755
2.41421
2.48088
2.54755
2.61421
2.68088
1.51332
1.53921
1.60171
1.66421
1.72671
1.78921
1.85171
1.91421
1.97671
2.03921
2.10171
2.16421
2.22671
2.28921
2.35171
2.41421
2.47671
2.53921
1.48313
1.50749
1.53186
1.59068
1.64951
1.70833
1.76715
1.82598
1.8848
1.94363
2.00245
2.06127
2.1201
2.17892
2.23774
2.29657
2.35539
1.45629
1.4793
1.50231
1.52532
1.58088
1.63644
1.69199
1.74755
1.8031
1.85866
1.91421
1.96977
2.02532
2.08088
2.13644
2.19199
2.24755
1.43227
1.45407
1.47588
1.49768
1.51948
1.57211
1.62474
1.67737
1.73
1.78263
1.83527
1.8879
1.94053
1.99316
2.04579
2.09842
1.41066
1.43137
1.45208
1.47279
1.4935
1.51421
1.56421
1.61421
1.66421
1.71421
1.76421
1.81421
1.86421
1.91421
1.96421
1.3911
1.41083
1.43055
1.45028
1.47
1.48973
1.50945
1.55707
1.60469
1.65231
1.69993
1.74755
1.79517
1.84278
1.37333
1.39216
1.41098
1.42981
1.44864
1.46747
1.48629
1.50512
1.55058
1.59603
1.64149
1.68694
1.7324
1.3571
1.3751
1.39311
1.41112
1.42913
1.44714
1.46515
1.48316
1.50117
1.54465
1.58813
1.6316
1.34222
1.35948
1.37673
1.39399
1.41125
1.42851
1.44577
1.46303
1.48029
1.49755
1.53921
1.32853
1.3451
1.36167
1.37823
1.3948
1.41137
1.42794
1.44451
1.46108
1.47764
1.33182
1.34775
1.36369
1.37962
1.39555
1.41148
1.42741
1.44334
1.33488
1.35022
1.36556
1.3809
1.39624
1.41158
1.3525
