0
0
0
0
0
0
0
0
0
0
1
1
1.41421
2.41421
1
1
1
1
2
2
2.82843
3.82843
4.82843
5.82843
2
2
2
2
2
2
2
3
3
6.24264
7.24264
8.24264
9.24264
10.2426
3
3
3
3
3
3
3
3
3
4
4
10.6569
11.6569
12.6569
13.6569
4
4
5
5
5
14.0711
15.0711
16.0711
17.0711
6
6
6
6
6
6
6
6
6
6
6.41421
6.82843
7.24264
7.65685
8.07107
17.4853
18.4853
19.4853
9.07107
9.48528
9.89949
19.8995
20.8995
21.8995
22.8995
10.8995
11.3137
12.3137
23.3137
24.3137
25.3137
26.3137
27.3137
12.7279
13.7279
27.7279
28.7279
29.7279
30.7279
14.1421
15.1421
16.1421
31.1421
32.1421
33.1421
16.5563
17.5563
33.5563
34.5563
17.9706
18.9706
34.9706
35.9706
19.3848
36.3848
37.3848
20.3848
20.799
37.799
38.799
21.799
39.2132
22.799
23.2132
39.6274
24.2132
40.0416
25.2132
25.6274
40.4558
26.6274
39.87
40.87
27.6274
28.0416
40.2843
29.0416
39.6985
40.6985
30.0416
30.4558
40.1127
31.4558
31.8701
39.5269
40.5269
32.8701
33.2843
38.9411
39.9411
34.2843
34.6985
37.3553
38.3553
39.3553
35.6985
36.1127
36.5269
36.9411
37.3553
37.7696
