1.01883
1.00941
1
1.03853
1.0289
1.01927
1.00963
1
1
1
1.04931
1.03945
1.02959
1.01972
1.00986
1
1
1
1
1.06062
1.05051
1.04041
1.03031
1.02021
1.0101
1
1
1
1
1.06213
1.05178
1.04142
1.03107
1.02071
1.01036
1
1
1
1
1
1.06373
1.0531
1.04248
1.03186
1.02124
1.01062
1
1
1
1
1
1
1.0654
1.0545
1.0436
1.0327
1.0218
1.0109
1
1
1
1
1
1
1.06717
1.05597
1.04478
1.03358
1.02239
1.0112
1
1
1
1
1
1
1.06904
1.05753
1.04602
1.03452
1.02301
1.01151
1
1
1
1
1
1
1
1.05917
1.04734
1.0355
1.02367
1.01183
1
1
1
1
1
1
1
1.06091
1.04873
1.03655
1.02437
1.01218
1
1
1
1
1
1
1
1.06276
1.05021
1.03766
1.0251
1.01255
1
1
1
1
1
1
1
1.05178
1.03883
1.02589
1.01294
1
1
1
1
1
1
1
1
1.05345
1.04009
1.02672
1.01336
1
1
1
1
1
1
1
1
1.04142
1.02761
1.01381
1
1
1
1
1
1
1
1
1.04285
1.02857
1.01428
1
1
1
1
1
1
1
1
1.04438
1.02959
1.01479
1
1
1
1
1
1
1
1
1.03068
1.01534
1
1
1
1
1
1
1
1
1.03186
1.01593
1
1
1
1
1
1
1
1
1.03314
1.01657
1
1
1
1
1
1
1
1
1
1.03452
1.01726
1
1
1
1
1
1
1
1
1
1.03602
1.01801
1
1
1
1
1
1
1
1
1
1.03766
1.01883
1
1
1
1
1
1
1
1
1
1.03945
1.01972
1
1
1
1
1
1
1
1
1
1.04142
1.02071
1
1
1
1
1
1
1
1
1
1.0436
1.0218
1
1
1
1
1
1
1
1
1
1.04602
1.02301
1
1
1
1
1
1
1
1
1
1.04873
1.02437
1
1
1
1
1
1
1
1
1
1.05178
1.02589
1
1
1
1
1
1
1
1
1
1.05523
1.02761
1
1
1
1
1
1
1
1
1
1.02959
1
1
1
1
1
1
1
1
1
1.03186
1
1
1
1
1
1
1
1
1
1.03452
1
1
1
1
1
1
1
1
1
1
1
1
1.03766
1
1
1
1
1
1
1
1
1
1.08284
1.04142
1
1
1
1
1
1
1.04142
1
1
1
1
1
1
1
1
1
1.13807
1.09205
1.04602
1
1
1
1
1
1
1
1.04602
1
1
1
1
1
1
1
1
1
1
1.20711
1.15533
1.10355
1.05178
1
1
1
1
1
1
1
1
1
1
1
1
1
1
1
1
1
1
1
1.23669
1.17752
1.11835
1.05917
1
1
1
1
1
1
1
1
1
1
1
1
1
1
1
1
1
1
1
1
1
1.27614
1.20711
1.13807
1.06904
1
1
1
1
1
1
1
1
1
1
1
1
1
1
1
1
1
1
1
1
1
1
1
1
1
1
1
1
1
1
1.33137
1.24853
1.16569
1.08284
1
1
1
1
1
1
1
1
1
1
1
1
1
1
1
1
1
1
1
1
1
1
1
1
1
1
1
1
1
1
1
1
1
1
1
1
1.41421
1.31066
1.20711
1.10355
1
1
1
1
1
1
1
1
1
1
1
1
1
1
1
1
1
1
1
1
1
1
1
1
1
1
1
1
1
1
1
1
1
1
1
1
1
1
1
1
1
1
1
1.41421
1.27614
1.13807
1
1
1
1
1
1
1
1
1
1
1
1
1
1
1
1
1
1
1
1
1
1
1
1
1
1
1
1
1
1
1
1
1
1
1
1
1
1
1
1
1
1
1
1
1
1
1
1
1
1
1
1
1.91421
1.41421
1.20711
1
1
1
1
1
1
1
1
1
1
1
1
1
1
1
1
1
1
1
1
1
1
1
1
1
1
1
1
1
1
1
1
1
1
1
1
1
1
1
1
1
1
1
1
1
1
1
1
1
1
1
1
1
1
2.41421
1.41421
1
1
1
1
1
1
1
1
1
1
1
1
1
1
1
1
1
1
1
1
1
1
1
1
1
1
1
1
1
1
1
1
1
1
1
1
1
1
1
1
1
1
1
1
1
1
1
1
1
1
1
1
1
1
1
1
1
1
1
1
1
1
1
1
1
1
1
1
1
1
1
1
1
1
1
1
1
1
1
1
1
1
1
1
1
1
1
1
1
1
1
1
1
1
1
1
1
