0
0
0
0
0
0
0
0
0
0
0
0
0
0
0
0
0
0
0
0
0
0
0
0
0
0
0
0
0
0
0
0
0
0
0
0
0
0
0
0
0
0
0
0
0
1.41421
1
1
1
1
1
1
1
1
1
1
1
1
1
1
1
1
1
1.41421
2.41421
3.41421
4.41421
5.41421
6.41421
1
1
1
1
1
1
1
1
1
1
1
1
1
1
1
1
2.82843
2.41421
2
2
2
2
2
2
2
2
2
2
2
2
2
2
2
2
2
2.41421
2.82843
3.82843
4.82843
5.82843
6.82843
7.82843
8.82843
9.82843
2
2
2
2
2
2
2
2
2
2
2
2
3.82843
3.41421
3
3
3
3
3
3
3
3
3
3
3
3
3
3
3
3
3
3.41421
3.82843
4.24264
5.24264
6.24264
7.24264
8.24264
9.24264
10.2426
11.2426
12.2426
3
3
3
3
3
3
3
3
3
3
3
4.82843
4.41421
4
4
4
4
4
4
4
4
4
4
4
4
4
4
4
4
4.41421
4.82843
5.24264
5.65685
6.65685
7.65685
8.65685
9.65685
10.6569
11.6569
12.6569
13.6569
14.6569
4
4
4
4
4
4
4
4
5.82843
5.41421
5
5
5
5
5
5
5
5
5
5.41421
5.82843
6.24264
6.65685
7.07107
8.07107
9.07107
10.0711
11.0711
12.0711
13.0711
14.0711
15.0711
16.0711
5
5
5
6.41421
6
6
6
6
6
6
6
7.24264
7.65685
8.07107
8.48528
9.48528
10.4853
11.4853
12.4853
13.4853
14.4853
15.4853
16.4853
17.4853
7
7
7
7
7
7
9.07107
9.48528
9.89949
10.8995
11.8995
12.8995
13.8995
14.8995
15.8995
16.8995
17.8995
18.8995
19.8995
10.4853
10.8995
11.3137
12.3137
13.3137
14.3137
15.3137
16.3137
17.3137
18.3137
19.3137
20.3137
21.3137
12.3137
12.7279
13.7279
14.7279
15.7279
16.7279
17.7279
18.7279
19.7279
20.7279
21.7279
22.7279
23.7279
24.7279
15.1421
16.1421
17.1421
18.1421
19.1421
20.1421
21.1421
22.1421
23.1421
24.1421
25.1421
26.1421
27.1421
28.1421
29.1421
30.1421
31.1421
32.1421
33.1421
34.1421
35.1421
36.1421
17.5563
18.5563
19.5563
20.5563
21.5563
22.5563
23.5563
24.5563
25.5563
26.5563
27.5563
28.5563
29.5563
30.5563
31.5563
32.5563
33.5563
34.5563
35.5563
36.5563
37.5563
18.9706
19.9706
20.9706
21.9706
22.9706
23.9706
24.9706
25.9706
26.9706
27.9706
28.9706
29.9706
30.9706
31.9706
32.9706
33.9706
34.9706
35.9706
36.9706
37.9706
38.9706
20.3848
21.3848
22.3848
23.3848
24.3848
25.3848
26.3848
27.3848
28.3848
29.3848
30.3848
31.3848
32.3848
33.3848
34.3848
35.3848
36.3848
37.3848
38.3848
39.3848
21.799
22.799
23.799
24.799
25.799
26.799
27.799
28.799
29.799
30.799
31.799
32.799
33.799
34.799
35.799
36.799
37.799
38.799
39.799
23.2132
24.2132
25.2132
26.2132
27.2132
28.2132
29.2132
30.2132
31.2132
32.2132
33.2132
34.2132
35.2132
36.2132
37.2132
38.2132
39.2132
40.2132
24.2132
24.6274
25.6274
26.6274
27.6274
28.6274
29.6274
30.6274
31.6274
32.6274
33.6274
34.6274
35.6274
36.6274
37.6274
38.6274
39.6274
40.6274
25.2132
25.6274
26.0416
27.0416
28.0416
29.0416
30.0416
31.0416
32.0416
33.0416
34.0416
35.0416
36.0416
37.0416
38.0416
39.0416
40.0416
26.2132
26.6274
27.0416
27.4558
28.4558
29.4558
30.4558
31.4558
32.4558
33.4558
34.4558
35.4558
36.4558
37.4558
38.4558
39.4558
40.4558
27.2132
27.6274
28.0416
28.4558
28.8701
29.8701
30.8701
31.8701
32.87
33.87
34.87
35.87
36.87
37.87
38.87
39.87
28.2132
28.6274
29.0416
29.4558
29.8701
30.2843
31.2843
32.2843
33.2843
34.2843
35.2843
36.2843
37.2843
38.2843
39.2843
29.2132
29.6274
30.0416
30.4558
30.8701
31.2843
31.6985
32.6985
33.6985
34.6985
35.6985
36.6985
37.6985
38.6985
30.2132
30.6274
31.0416
31.4558
31.8701
32.2843
32.6985
33.1127
34.1127
35.1127
36.1127
37.1127
38.1127
31.2132
31.6274
32.0416
32.4558
32.8701
33.2843
33.6985
34.1127
34.5269
35.5269
36.5269
37.5269
32.2132
32.6274
33.0416
33.4558
33.8701
34.2843
34.6985
35.1127
35.5269
35.9411
36.9411
33.2132
33.6274
34.0416
34.4558
34.8701
35.2843
35.6985
36.1127
36.5269
36.9411
34.6274
35.0416
35.4558
35.8701
36.2843
36.6985
37.1127
37.5269
36.0416
36.4558
36.8701
37.2843
37.6985
38.1127
37.8701
