0
0
0
0
0
0
0
0
0
0
0
0
0
0
0
0
0
0
0
0
0
0
0
0
1
1
1.41421
2.41421
3.41421
4.41421
1
1
1
1
2.41421
2
4.82843
5.82843
6.82843
7.82843
2
2
2
3.82843
3.41421
3
3
3
3
3
3
3
3
8.24264
9.24264
10.2426
3
3
3
3
4.82843
4
4
4
4
4
4
10.6569
11.6569
4
4
4
4
4
5.82843
5
5
5
5
12.0711
13.0711
14.0711
5
5
5
5
5
5
6.82843
6.41421
6
6
6
6
6.41421
6.82843
14.4853
15.4853
7.41421
7
7
7
7.82843
8.24264
15.8995
16.8995
8
8
8
8
8
9.24264
9.65685
10.0711
17.3137
18.3137
11.0711
11.4853
11.8995
18.7279
19.7279
20.7279
31.5563
32.5563
12.8995
13.3137
13.7279
14.1421
21.1421
22.1421
23.1421
24.1421
25.1421
26.1421
27.1421
28.1421
29.1421
30.1421
31.1421
32.1421
33.1421
34.1421
35.1421
15.1421
15.5563
16.5563
35.5563
36.5563
16.9706
17.9706
18.9706
36.9706
19.3848
37.3848
20.3848
20.799
37.799
21.799
37.2132
38.2132
22.799
36.6274
37.6274
23.799
37.0416
24.799
36.4558
37.4558
25.799
34.87
35.87
36.87
27.2132
26.799
34.2843
35.2843
28.2132
34.6985
29.2132
34.1127
35.1127
30.6274
30.2132
33.5269
34.5269
31.6274
34.1127
34.5269
32.6274
34.6985
35.1127
33.6274
33.2132
35.2843
35.6985
34.2132
33.799
35.4558
35.8701
36.2843
34.799
35.2132
35.6274
36.0416
36.4558
