1
1
1
1
1
1
1
1
1
1
1
1
1
1
1
1
1
1
1
1
1
1
1
1
1
1
1
1
1
1
1
1
1
1
1
1
1
1
1
1
1
1
1
1
1
1
1
1
1
1
1
1
1
1
1
1
1
1
1
1
1
1
1
1
1
1
1
1
1
1
1
1
1
1
1
1
1
1
1
1
1
1
1
1
1
1
1
1
1
1
1
1
1
1
1
1
1
1
1
1
1
1
1
1
1
1
1
1
1
1
1
1
1
1
1
1
1
1
1
1
1
1
1
1
1
1
1
1
1
1
1
1
1
1
1
1
1
1
1
1
1
1
1
1
1
1
1
1
1
1
1
1
1
1
1
1
1
1
1
1
1
1
1
1
1
1
1
1
1
1
1
1
1
1
1
1
1
1
1
1
1
1
1
1
1
1
1
1
1
1
1
1
1
1
1
1
1
1
1.05917
1
1
1
1
1
1
1
1
1
1
1
1
1
1
1
1
1.05178
1
1
1
1
1
1
1
1
1
1
1
1
1
1
1.04602
1.09205
1
1
1
1
1
1
1
1
1
1
1
1
1
1.04142
1.08284
1.12426
1
1
1
1
1
1
1
1
1
1
1
1
1.03766
1.07531
1.11297
1.15062
1.24153
1
1
1
1
1
1
1
1
1
1
1
1.03452
1.06904
1.10355
1.13807
1.17259
1.25592
1.33926
2.90829
2.99162
3.07496
3.15829
3.24162
3.32496
3.40829
3.49162
3.57496
3.65829
3.74162
3.82496
3.90829
3.99162
1
1
1
1
1
1
1
1
1
1
1.03186
1.06373
1.09559
1.12745
1.15931
1.19118
1.2681
1.34502
1.42194
1.49887
1.57579
1.65271
1.72964
1.80656
1.88348
1.96041
2.03733
2.11425
2.19118
2.2681
2.34502
2.42194
2.49887
2.57579
2.65271
2.72964
2.80656
2.88348
2.96041
3.03733
3.11425
3.19118
3.2681
3.34502
3.42194
3.49887
3.57579
3.65271
3.72964
3.80656
3.88348
3.96041
1
1
1
1
1
1
1
1
1
1.02959
1.05917
1.08876
1.11835
1.14793
1.17752
1.20711
1.27854
1.34996
1.42139
1.49282
1.56425
1.63568
1.70711
1.77854
1.84996
1.92139
1.99282
2.06425
2.13568
2.20711
2.27854
2.34996
2.42139
2.49282
2.56425
2.63568
2.70711
2.77854
2.84996
2.92139
2.99282
3.06425
3.13568
3.20711
3.27854
3.34996
3.42139
3.49282
3.56425
3.63568
3.70711
1
1
1
1
1
1
1
1
1.02761
1.05523
1.08284
1.11046
1.13807
1.16569
1.1933
1.22091
1.28758
1.35425
1.42091
1.48758
1.55425
1.62091
1.68758
1.75425
1.82091
1.88758
1.95425
2.02091
2.08758
2.15425
2.22091
2.28758
2.35425
2.42091
2.48758
2.55425
2.62091
2.68758
2.75425
2.82091
2.88758
2.95425
3.02091
3.08758
3.15425
3.22091
3.28758
3.35425
3.42091
3.48758
1
1
1
1
1
1
1
1.02589
1.05178
1.07766
1.10355
1.12944
1.15533
1.18122
1.20711
1.23299
1.29549
1.35799
1.42049
1.48299
1.54549
1.60799
1.67049
1.73299
1.79549
1.85799
1.92049
1.98299
2.0455
2.108
2.1705
2.233
2.2955
2.358
2.4205
2.483
2.5455
2.608
2.6705
2.733
2.7955
2.858
2.9205
2.983
3.0455
3.108
3.1705
3.233
3.2955
1
1
1
1
1
1
1.02437
1.04873
1.0731
1.09746
1.12183
1.14619
1.17056
1.19492
1.21929
1.24365
1.30248
1.3613
1.42013
1.47895
1.53777
1.5966
1.65542
1.71424
1.77307
1.83189
1.89071
1.94954
2.00836
2.06718
2.12601
2.18483
2.24365
2.30248
2.3613
2.42013
2.47895
2.53777
2.5966
2.65542
2.71424
2.77307
2.83189
2.89071
2.94954
3.00836
3.06718
3.12601
1
1
1
1
1.02301
1.04602
1.06904
1.09205
1.11506
1.13807
1.16108
1.18409
1.20711
1.23012
1.25313
1.30869
1.36424
1.4198
1.47535
1.53091
1.58646
1.64202
1.69757
1.75313
1.80869
1.86424
1.9198
1.97535
2.03091
2.08646
2.14202
2.19757
2.25313
2.30869
2.36424
2.4198
2.47535
2.53091
2.58646
2.64202
2.69757
2.75313
2.80869
2.86424
2.9198
2.97535
1
1
1
1.0218
1.0436
1.0654
1.0872
1.109
1.1308
1.1526
1.17441
1.19621
1.21801
1.23981
1.26161
1.31424
1.36687
1.4195
1.47213
1.52477
1.5774
1.63003
1.68266
1.73529
1.78792
1.84056
1.89319
1.94582
1.99845
2.05108
2.10371
2.15635
2.20898
2.26161
2.31424
2.36687
2.4195
2.47213
2.52477
2.5774
2.63003
2.68266
2.73529
2.78792
2.84056
1
1
1.02071
1.04142
1.06213
1.08284
1.10355
1.12426
1.14497
1.16569
1.1864
1.20711
1.22782
1.24853
1.26924
1.31924
1.36924
1.41924
1.46924
1.51924
1.56924
1.61924
1.66924
1.71924
1.76924
1.81924
1.86924
1.91924
1.96924
2.01924
2.06924
2.11924
2.16924
2.21924
2.26924
2.31924
2.36924
2.41924
2.46924
2.51924
2.56924
2.61924
2.66924
2.71924
1
1.01972
1.03945
1.05917
1.0789
1.09862
1.11835
1.13807
1.1578
1.17752
1.19724
1.21697
1.23669
1.25642
1.27614
1.32376
1.37138
1.419
1.46662
1.51424
1.56186
1.60948
1.65709
1.70471
1.75233
1.79995
1.84757
1.89519
1.94281
1.99043
2.03805
2.08567
2.13328
2.1809
2.22852
2.27614
2.32376
2.37138
2.419
2.46662
2.51424
2.56186
2.60948
1.01883
1.03766
1.05648
1.07531
1.09414
1.11297
1.1318
1.15062
1.16945
1.18828
1.20711
1.22593
1.24476
1.26359
1.28242
1.32787
1.37333
1.41878
1.46424
1.50969
1.55515
1.6006
1.64605
1.69151
1.73696
1.78242
1.82787
1.87333
1.91878
1.96424
2.00969
2.05515
2.1006
2.14605
2.19151
2.23696
2.28242
2.32787
2.37333
2.41878
2.46424
2.50969
1.03602
1.05403
1.07204
1.09005
1.10806
1.12606
1.14407
1.16208
1.18009
1.1981
1.21611
1.23412
1.25213
1.27014
1.28815
1.33163
1.3751
1.41858
1.46206
1.50554
1.54902
1.5925
1.63597
1.67945
1.72293
1.76641
1.80989
1.85337
1.89684
1.94032
1.9838
2.02728
2.07076
2.11424
2.15771
2.20119
2.24467
2.28815
2.33163
2.3751
2.41858
1.05178
1.06904
1.08629
1.10355
1.12081
1.13807
1.15533
1.17259
1.18985
1.20711
1.22437
1.24162
1.25888
1.27614
1.2934
1.33507
1.37673
1.4184
1.46007
1.50173
1.5434
1.58507
1.62673
1.6684
1.71007
1.75173
1.7934
1.83507
1.87673
1.9184
1.96007
2.00173
2.0434
2.08507
2.12673
2.1684
2.21007
2.25173
2.2934
2.33507
1.06627
1.08284
1.09941
1.11598
1.13255
1.14912
1.16569
1.18225
1.19882
1.21539
1.23196
1.24853
1.2651
1.28167
1.29823
1.33823
1.37823
1.41823
1.45823
1.49823
1.53823
1.57823
1.61823
1.65823
1.69823
1.73823
1.77823
1.81823
1.85823
1.89823
1.93823
1.97823
2.01823
2.05823
2.09823
2.13823
2.17823
2.21823
2.25823
1.09559
1.11152
1.12745
1.14338
1.15931
1.17524
1.19118
1.20711
1.22304
1.23897
1.2549
1.27083
1.28676
1.30269
1.34116
1.37962
1.41808
1.45654
1.495
1.53346
1.57193
1.61039
1.64885
1.68731
1.72577
1.76423
1.80269
1.84116
1.87962
1.91808
1.95654
1.995
2.03346
2.07193
2.11039
2.14885
2.18731
1.10739
1.12273
1.13807
1.15341
1.16875
1.18409
1.19944
1.21478
1.23012
1.24546
1.2608
1.27614
1.29148
1.30682
1.34386
1.3809
1.41794
1.45497
1.49201
1.52905
1.56608
1.60312
1.64016
1.6772
1.71423
1.75127
1.78831
1.82534
1.86238
1.89942
1.93645
1.97349
2.01053
2.04757
2.0846
2.12164
1.13314
1.14793
1.16273
1.17752
1.19231
1.20711
1.2219
1.23669
1.25149
1.26628
1.28107
1.29587
1.31066
1.34637
1.38209
1.4178
1.45352
1.48923
1.52495
1.56066
1.59637
1.63209
1.6678
1.70352
1.73923
1.77495
1.81066
1.84637
1.88209
1.9178
1.95352
1.98923
2.02495
2.06066
1.14283
1.15712
1.1714
1.18568
1.19996
1.21425
1.22853
1.24281
1.2571
1.27138
1.28566
1.29995
1.31423
1.34871
1.3832
1.41768
1.45216
1.48664
1.52113
1.55561
1.59009
1.62458
1.65906
1.69354
1.72802
1.76251
1.79699
1.83147
1.86596
1.90044
1.93492
1.9694
2.00389
1.16569
1.17949
1.1933
1.20711
1.22091
1.23472
1.24853
1.26234
1.27614
1.28995
1.30376
1.31756
1.3509
1.38423
1.41756
1.4509
1.48423
1.51756
1.5509
1.58423
1.61756
1.6509
1.68423
1.71756
1.7509
1.78423
1.81756
1.8509
1.88423
1.91756
1.9509
1.18706
1.20043
1.21379
1.22715
1.24051
1.25387
1.26723
1.2806
1.29396
1.30732
1.32068
1.35294
1.3852
1.41746
1.44971
1.48197
1.51423
1.54649
1.57875
1.611
1.64326
1.67552
1.70778
1.74004
1.77229
1.80455
1.83681
1.86907
1.90133
1.22005
1.23299
1.24594
1.25888
1.27183
1.28477
1.29772
1.31066
1.3236
1.35485
1.3861
1.41735
1.4486
1.47985
1.5111
1.54235
1.5736
1.60485
1.6361
1.66735
1.6986
1.72985
1.7611
1.79235
1.8236
1.85485
1.26359
1.27614
1.28869
1.30125
1.3138
1.32635
1.35665
1.38696
1.41726
1.44756
1.47787
1.50817
1.53847
1.56877
1.59908
1.62938
1.65968
1.68999
1.72029
1.75059
1.7809
1.8112
1.32893
1.35835
1.38776
1.41717
1.44658
1.47599
1.50541
1.53482
1.56423
1.59364
