1.06041
1.05178
1.07932
1.0705
1.06169
1.05288
1.04407
1.03525
1.09005
1.08104
1.07204
1.06303
1.05403
1.04502
1.03602
1.02701
1.10125
1.09205
1.08284
1.07364
1.06443
1.05523
1.04602
1.03682
1.02761
1.01841
1.10355
1.09414
1.08473
1.07531
1.0659
1.05648
1.04707
1.03766
1.02824
1.01883
1.00941
1.10596
1.09633
1.0867
1.07706
1.06743
1.0578
1.04816
1.03853
1.0289
1.01927
1.00963
1.10848
1.09862
1.08876
1.0789
1.06904
1.05917
1.04931
1.03945
1.02959
1.01972
1.00986
1
1.10103
1.09093
1.08082
1.07072
1.06062
1.05051
1.04041
1.03031
1.02021
1.0101
1
1.10355
1.0932
1.08284
1.07249
1.06213
1.05178
1.04142
1.03107
1.02071
1.01036
1
1
1.09559
1.08497
1.07435
1.06373
1.0531
1.04248
1.03186
1.02124
1.01062
1
1
1.0872
1.0763
1.0654
1.0545
1.0436
1.0327
1.0218
1.0109
1
1
1.07836
1.06717
1.05597
1.04478
1.03358
1.02239
1.0112
1
1
1
1.08054
1.06904
1.05753
1.04602
1.03452
1.02301
1.01151
1
1
1
1.07101
1.05917
1.04734
1.0355
1.02367
1.01183
1
1
1
1
1.0731
1.06091
1.04873
1.03655
1.02437
1.01218
1
1
1
1
1
1.06276
1.05021
1.03766
1.0251
1.01255
1
1
1
1
1
1.06472
1.05178
1.03883
1.02589
1.01294
1
1
1
1
1
1.01294
1.05345
1.04009
1.02672
1.01336
1
1
1
1
1
1.01336
1.05523
1.04142
1.02761
1.01381
1
1
1
1
1
1.01381
1.02761
1.05713
1.04285
1.02857
1.01428
1
1
1
1
1
1.01428
1.02857
1.05917
1.04438
1.02959
1.01479
1
1
1
1
1
1.01479
1.02959
1.04438
1.04602
1.03068
1.01534
1
1
1
1
1
1.01534
1.03068
1.04602
1.04779
1.03186
1.01593
1
1
1
1
1
1.01593
1.03186
1.04779
1.04971
1.03314
1.01657
1
1
1
1
1
1.01657
1.03314
1.04971
1.05178
1.03452
1.01726
1
1
1
1
1
1.01726
1.03452
1.05178
1.05403
1.03602
1.01801
1
1
1
1
1
1.01801
1.03602
1.05403
1.05648
1.03766
1.01883
1
1
1
1
1
1.01883
1.03766
1.05648
1.05917
1.03945
1.01972
1
1
1
1
1
1.01972
1.03945
1.06213
1.04142
1.02071
1
1
1
1
1
1.02071
1.04142
1.0654
1.0436
1.0218
1
1
1
1
1
1.0218
1.0436
1.06904
1.04602
1.02301
1
1
1
1
1
1.02301
1.09746
1.0731
1.04873
1.02437
1
1
1
1
1
1.02437
1.10355
1.07766
1.05178
1.02589
1
1
1
1
1
1.02589
1.11046
1.08284
1.05523
1.02761
1
1
1
1
1
1.14793
1.11835
1.08876
1.05917
1.02959
1
1
1
1
1
1.15931
1.12745
1.09559
1.06373
1.03186
1
1
1
1
1
1.17259
1.13807
1.10355
1.06904
1.03452
1
1
1
1
1
1.3389
1.30125
1.26359
1.22593
1.18828
1.15062
1.11297
1.18828
1.15062
1.11297
1.07531
1.03766
1
1
1
1
1
1.41421
1.37279
1.33137
1.28995
1.24853
1.20711
1.16569
1.12426
1.08284
1.04142
1.20711
1.16569
1.12426
1.08284
1.04142
1
1
1
1
1
1
1
1
1
1.04602
1.09205
1.52532
1.41421
1.36819
1.32217
1.27614
1.23012
1.18409
1.13807
1.09205
1.04602
1
1
1.18409
1.13807
1.09205
1.04602
1
1
1
1
1
1
1
1
1
1
1
1.05178
1.10355
1.15533
1.78921
1.66421
1.53921
1.41421
1.36244
1.31066
1.25888
1.20711
1.15533
1.10355
1.05178
1
1
1
1.20711
1.15533
1.10355
1.05178
1
1
1
1
1
1
1
1
1
1
1
1
1
1.05917
1.11835
1.17752
1.23669
1.98564
1.84278
1.69993
1.55707
1.41421
1.35504
1.29587
1.23669
1.17752
1.11835
1.05917
1
1
1
1
1
1.23669
1.17752
1.11835
1.05917
1
1
1
1
1
1
1
1
1
1
1
1
1
1
1.06904
1.13807
1.20711
1.27614
2.08088
1.91421
1.74755
1.58088
1.41421
1.34518
1.27614
1.20711
1.13807
1.06904
1
1
1
1
1
1
1
1.20711
1.13807
1.06904
1
1
1
1
1
1
1
1
1
1
1
1
1
1
1
1
1.08284
1.16569
1.24853
1.33137
2.41421
2.21421
2.01421
1.81421
1.61421
1.41421
1.33137
1.24853
1.16569
1.08284
1
1
1
1
1
1
1
1
1.16569
1.08284
1
1
1
1
1
1
1
1
1
1
1
1
1
1
1
1
1
1
1
1.10355
1.20711
1.31066
1.41421
2.66421
2.41421
2.16421
1.91421
1.66421
1.41421
1.31066
1.20711
1.10355
1
1
1
1
1
1
1
1
1
1
1.20711
1.10355
1
1
1
1
1
1
1
1
1
1
1
1
1
1
1
1
1
1
1
1
1
1.13807
1.27614
1.41421
3.08088
2.74755
2.41421
2.08088
1.74755
1.41421
1.27614
1.13807
1
1
1
1
1
1
1
1
1
1
1
1.13807
1
1
1
1
1
1
1
1
1
1
1
1
1
1
1
1
1
1
1
1
1
1
1.20711
1.41421
3.91421
3.41421
2.91421
2.41421
1.91421
1.41421
1.20711
1
1
1
1
1
1
1
1
1
1
1
1
1
1.20711
1
1
1
1
1
1
1
1
1
1
1
1
1
1
1
1
1
1
1
1
1
1
1
1
1.41421
5.41421
4.41421
3.41421
2.41421
1.41421
1
1
1
1
1
1
1
1
1
1
1
1
1
1
1.41421
1
1
1
1
1
1
1
1
1
1
1
1
1
1
1
1
1
1
1
1
1
1
1
1
1
1
1
1
1
1
1
1
1
1
1
1
1
1
1
1
1
1
1
1
1
1
1
1
1
1
1
1
1
1
1
