1.31397
1.31811
1.32225
1.3264
1.33054
1.34054
1.35054
1.31296
1.31714
1.32133
1.32551
1.32969
1.33979
1.3499
1.36
1.31192
1.31615
1.32038
1.3246
1.32883
1.33904
1.34924
1.35944
1.36965
1.31087
1.31514
1.31941
1.32368
1.32795
1.33826
1.34857
1.35888
1.36919
1.3795
1.30548
1.30979
1.31411
1.31842
1.32274
1.32705
1.33747
1.34789
1.3583
1.36872
1.37914
1.38955
1.30433
1.30869
1.31305
1.31741
1.32177
1.32613
1.33666
1.34719
1.35771
1.36824
1.37877
1.38929
1.39982
1.29876
1.30317
1.30757
1.31198
1.31638
1.32079
1.3252
1.33584
1.34647
1.35711
1.36775
1.37839
1.38903
1.29306
1.29752
1.30197
1.30642
1.31088
1.31533
1.31979
1.32424
1.33499
1.34575
1.3565
1.36725
1.29175
1.29625
1.30075
1.30525
1.30976
1.31426
1.31876
1.32326
1.33413
1.345
1.35587
1.2904
1.29495
1.2995
1.30406
1.30861
1.31316
1.31771
1.32226
1.33325
1.34424
1.35523
1.28902
1.29363
1.29823
1.30283
1.30743
1.31204
1.31664
1.32124
1.33235
1.34346
1.28762
1.29227
1.29693
1.30158
1.30623
1.31089
1.31554
1.3202
1.33143
1.34267
1.28618
1.29089
1.29559
1.3003
1.30501
1.30971
1.31442
1.31913
1.33049
1.28471
1.28947
1.29423
1.29899
1.30375
1.30851
1.31327
1.31804
1.32953
1.2832
1.28802
1.29283
1.29765
1.30247
1.30728
1.3121
1.31692
1.28166
1.28653
1.29141
1.29628
1.30115
1.30603
1.3109
1.31577
1.28008
1.28501
1.28994
1.29488
1.29981
1.30474
1.30967
1.3146
1.27847
1.28346
1.28845
1.29344
1.29843
1.30342
1.30841
1.3134
2.16894
2.17399
2.17904
2.18409
1.28186
1.28691
1.29197
1.29702
1.30207
1.30712
1.31217
1.31722
2.17314
2.17826
2.18337
2.18848
2.1936
2.19871
2.20382
1.28023
1.28534
1.29046
1.29557
1.30068
1.3058
1.31091
1.31602
2.18781
2.19298
2.19816
2.20334
2.20852
2.21369
2.21887
2.22405
1.27855
1.28373
1.28891
1.29409
1.29926
1.30444
1.30962
1.3148
1.31998
2.1976
2.20284
2.20808
2.21333
2.21857
2.22381
2.22906
2.2343
2.23954
1.28208
1.28732
1.29257
1.29781
1.30305
1.3083
1.31354
1.31878
2.20764
2.21295
2.21826
2.22357
2.22888
2.23419
2.2395
2.24481
2.25013
2.25544
1.28039
1.2857
1.29101
1.29632
1.30163
1.30694
1.31225
1.31756
1.32287
2.22333
2.2287
2.23408
2.23946
2.24484
2.25022
2.2556
2.26098
2.26636
2.27174
1.27865
1.28403
1.28941
1.29479
1.30017
1.30554
1.31092
1.3163
1.32168
1.33467
2.23397
2.23942
2.24487
2.25032
2.25577
2.26122
2.26667
2.27212
2.27757
2.28302
2.28847
1.35317
1.34772
1.34227
1.33682
1.28231
1.28776
1.29321
1.29866
1.30411
1.30956
1.31502
1.32047
1.33362
2.25042
2.25595
2.26147
2.26699
2.27252
2.27804
2.28356
2.28908
2.29461
2.30013
1.3634
1.35788
1.35235
1.34683
1.34131
1.33578
1.28056
1.28608
1.2916
1.29712
1.30265
1.30817
1.31369
1.31922
1.33255
1.34588
2.26172
2.26732
2.27292
2.27852
2.28411
2.28971
2.29531
2.30091
2.3065
2.3121
1.38974
1.37623
1.36271
1.35711
1.35152
1.34592
1.34032
1.33472
1.27875
1.28435
1.28994
1.29554
1.30114
1.30674
1.31233
1.31793
1.33145
1.34496
1.35847
2.27901
2.28468
2.29036
2.29603
2.3017
2.30738
2.31305
2.31873
2.3244
1.4031
1.3894
1.3757
1.36201
1.35633
1.35066
1.34498
1.33931
1.33364
1.27689
1.28257
1.28824
1.29392
1.29959
1.30526
1.31094
1.31661
1.33031
1.34401
1.35771
2.29102
2.29677
2.30253
2.30828
2.31403
2.31978
2.32554
2.33129
2.33704
1.43073
1.41684
1.40295
1.38906
1.37517
1.36128
1.35553
1.34977
1.34402
1.33827
1.33252
1.32676
1.27499
1.28074
1.28649
1.29225
1.298
1.30375
1.3095
1.31526
1.32915
1.34303
1.35692
1.37081
2.30337
2.3092
2.31504
2.32087
2.3267
2.33254
2.33837
2.34421
2.35004
1.44504
1.43096
1.41687
1.40279
1.3887
1.37462
1.36054
1.3547
1.34887
1.34303
1.3372
1.33137
1.32553
1.3197
1.31386
1.30803
1.3022
1.29636
1.29053
1.28469
1.27886
1.28469
1.29053
1.29636
1.3022
1.30803
1.31386
1.32795
1.34203
1.35612
1.3702
2.41075
2.40483
2.39891
2.393
2.31607
2.32199
2.32791
2.33382
2.33974
2.34566
2.35157
2.35749
2.36341
1.47405
1.45977
1.44548
1.4312
1.41691
1.40263
1.38834
1.37405
1.35977
1.35385
1.34793
1.34202
1.3361
1.33018
1.32426
1.31835
1.31243
1.30651
1.30059
1.29468
1.28876
1.28284
1.28876
1.29468
1.30059
1.30651
1.31243
1.32672
1.341
1.35529
1.52038
2.43968
2.42519
2.41919
2.41318
2.40718
2.40118
2.39518
2.32914
2.33514
2.34115
2.34715
2.35315
2.35916
2.36516
2.37116
2.37717
1.48941
1.47492
1.46043
1.44594
1.43144
1.41695
1.40246
1.38796
1.37347
1.35898
1.35298
1.34697
1.34097
1.33497
1.32896
1.32296
1.31696
1.31095
1.30495
1.29895
1.29295
1.28694
1.29295
1.29895
1.30495
1.31095
1.32545
1.33994
1.49293
1.50742
1.52192
1.53641
2.46947
2.45476
2.44006
2.43397
2.42788
2.42178
2.41569
2.4096
2.3426
2.34869
2.35478
2.36087
2.36696
2.37305
2.37914
2.38524
2.39133
1.51993
1.50523
1.49052
1.47581
1.46111
1.4464
1.4317
1.41699
1.40228
1.38758
1.37287
1.35817
1.35208
1.34598
1.33989
1.3338
1.32771
1.32162
1.31553
1.30944
1.30334
1.29725
1.29116
1.29725
1.30334
1.30944
1.32414
1.49409
1.50879
1.5235
1.53821
1.55291
2.50015
2.48522
2.47029
2.45537
2.44919
2.443
2.43682
2.43064
2.42446
2.35645
2.36263
2.36882
2.375
2.38118
2.38736
2.39355
2.39973
2.40591
2.42084
1.55136
1.53644
1.52151
1.50658
1.49166
1.47673
1.46181
1.44688
1.43196
1.41703
1.40211
1.38718
1.37226
1.35733
1.35115
1.34497
1.33878
1.3326
1.32642
1.32024
1.31405
1.30787
1.30169
1.29551
1.30169
1.30787
1.48036
1.49528
1.51021
1.52513
1.54006
1.55498
1.56991
2.53175
2.5166
2.50145
2.4863
2.47114
2.46487
2.45859
2.45232
2.44604
2.43976
2.37073
2.377
2.38328
2.38956
2.39583
2.40211
2.40838
2.41466
2.42094
2.43609
1.6266
1.61144
1.59629
1.58114
1.56599
1.55084
1.53569
1.37162
1.35647
1.35019
1.34392
1.33764
1.33136
1.32509
1.31881
1.31254
1.30626
1.29998
1.30626
1.48136
1.49651
1.51166
1.52681
1.54196
1.55711
1.57227
1.58742
2.56433
2.54894
2.53356
2.51817
2.50279
2.4874
2.48103
2.47466
2.46829
2.46191
2.45554
2.38544
2.39182
2.39819
2.40456
2.41093
2.41731
2.42368
2.43005
2.43642
2.45181
1.67338
1.65799
1.64261
1.62722
1.61184
1.59646
1.58107
1.37096
1.35558
1.34921
1.34284
1.33646
1.33009
1.32372
1.31735
1.31097
1.3046
1.46701
1.48239
1.49777
1.51316
1.52854
1.54393
1.55931
1.5747
1.59008
1.60547
2.59792
2.5823
2.56667
2.55105
2.53542
2.5198
2.50417
2.4977
2.49123
2.48476
2.47829
2.47181
2.41356
2.40709
2.41356
2.42004
2.42651
2.43298
2.43945
2.44592
2.4524
2.46802
1.73725
1.72162
1.706
1.69037
1.67475
1.65912
1.6435
1.62787
1.6214
1.35466
1.34819
1.34172
1.33525
1.32878
1.3223
1.31583
1.30936
1.34819
1.35466
1.36114
1.36761
1.37408
1.38971
1.40533
1.42096
1.43658
1.45221
1.46783
1.48346
1.49908
1.51471
1.53033
1.54596
1.56158
1.57721
1.59283
1.60846
1.62408
2.63259
2.61671
2.60084
2.58497
2.56909
2.55322
2.53735
2.52147
2.5149
2.50832
2.50175
2.49518
2.4886
2.48203
2.44915
2.44258
2.436
2.42943
2.436
2.44258
2.44915
2.45573
2.4623
2.46888
2.48475
1.7714
1.75552
1.73965
1.72378
1.7079
1.69203
1.67616
1.66958
1.35372
1.34714
1.34057
1.33399
1.32742
1.32084
1.31427
1.34057
1.34714
1.35372
1.36029
1.36687
1.37344
1.38932
1.40519
1.42106
1.43694
1.45281
1.46868
1.48455
1.50043
1.5163
1.53217
1.54805
1.56392
1.57979
1.59567
1.61154
1.62741
1.64328
2.60385
2.58772
2.57159
2.55546
2.53933
2.53265
2.52597
2.51929
2.51261
2.50593
2.49925
2.49257
2.48589
2.47921
2.47252
2.46584
2.45916
2.45248
2.45916
2.46584
2.47252
2.47921
2.48589
1.82278
1.80665
1.79052
1.77439
1.75826
1.74213
1.726
1.71932
1.71264
1.35274
1.34606
1.33938
1.3327
1.32602
1.31934
1.33938
1.34606
1.35274
1.35942
1.3661
1.37279
1.38891
1.40504
1.42117
1.4373
1.45343
1.46956
1.48569
1.50182
1.51795
1.53408
1.55021
1.56633
1.58246
1.59859
1.61472
2.62335
2.60696
2.59056
2.57417
2.55778
2.55099
2.5442
2.53741
2.53062
2.52383
2.51704
2.51025
2.50345
2.49666
2.48987
2.48308
2.47629
2.48308
2.48987
2.49666
2.50345
1.87584
1.85945
1.84306
1.82666
1.81027
1.79388
1.77748
1.77069
1.7639
1.35174
1.34495
1.33815
1.33136
1.32457
1.31778
1.33815
1.34495
1.35174
1.35853
1.36532
1.37211
1.3885
1.40489
1.42129
1.43768
1.45407
1.47047
1.48686
1.50325
1.51965
1.53604
1.55243
1.56883
1.58522
1.60161
1.61801
2.62684
2.61017
2.5935
2.57684
2.56993
2.56303
2.55613
2.54922
2.54232
2.53542
2.52851
2.52161
2.51471
2.5078
2.5009
2.5078
2.51471
2.52161
1.91401
1.89734
1.88068
1.86401
1.84734
1.83068
1.82377
1.81687
1.80997
1.3576
1.35069
1.34379
1.33689
1.32998
1.32308
1.33689
1.34379
1.35069
1.3576
1.3645
1.3714
1.38807
1.40474
1.4214
1.43807
1.45474
1.4714
1.48807
1.50474
1.5214
1.53807
1.55474
1.5714
1.58807
1.60474
1.6214
1.63807
2.64739
2.63044
2.61349
2.59654
2.58952
2.5825
2.57548
2.56846
2.56144
2.55442
2.5474
2.54038
2.53336
2.52634
2.53336
2.54038
1.97042
1.95347
1.93652
1.91957
1.90263
1.88568
1.87866
1.87163
1.86461
1.35664
1.34962
1.3426
1.33558
1.32856
1.32154
1.31451
1.32856
1.33558
1.3426
1.34962
1.35664
1.36366
1.37068
1.38763
1.40458
1.42153
1.43848
1.45543
1.47237
1.48932
1.50627
1.52322
1.54017
1.55712
1.57407
1.59102
1.60797
1.62492
1.64187
1.65881
2.65141
2.63417
2.61693
2.60979
2.60264
2.5955
2.58836
2.58122
2.57408
2.56694
2.55979
2.55265
2.55979
2.01154
1.99429
1.97705
1.95981
1.94257
1.93543
1.92829
1.92115
1.914
1.90809
1.90095
1.8938
1.88666
1.36279
1.35565
1.3485
1.34136
1.33422
1.32708
1.31994
1.3128
1.31994
1.32708
1.33422
1.34136
1.3485
1.35565
1.36279
1.36993
1.38717
1.40441
1.42165
1.43889
1.45614
1.47338
1.49062
1.50786
1.5251
1.54234
1.55958
1.57683
1.59407
1.61131
1.62855
1.64579
1.66303
1.68027
2.67312
2.65557
2.63803
2.63076
2.62349
2.61623
2.60896
2.60169
2.59443
2.58716
2.57989
2.58716
2.07164
2.05409
2.03655
2.01901
2.00146
1.99419
1.98693
1.97966
1.97239
1.93129
1.92402
1.91675
1.90949
1.90222
1.89495
1.88768
1.36188
1.35462
1.34735
1.34008
1.33282
1.32555
1.31828
1.32555
1.33282
1.34008
1.34735
1.35462
1.36188
1.36915
1.3867
1.40424
1.42178
1.43933
1.45687
1.47441
1.49196
1.5095
1.52705
1.54459
1.56213
1.57968
1.59722
1.61477
1.63231
1.64985
1.6674
1.68494
1.70249
2.67774
2.65988
2.65249
2.64509
2.63769
2.6303
2.6229
2.6155
2.6081
2.6155
2.11603
2.09817
2.08031
2.06246
2.05506
2.04766
2.04027
2.03287
1.95531
1.94792
1.94052
1.93312
1.92573
1.91833
1.91093
1.90354
1.36835
1.36095
1.35355
1.34616
1.33876
1.33136
1.32397
1.33136
1.33876
1.34616
1.35355
1.36095
1.36835
1.3862
1.40406
1.42192
1.43978
1.45763
1.47549
1.49335
1.61528
1.63314
1.651
1.66885
1.68671
1.70457
1.72243
1.74028
1.75814
2.70071
2.68253
2.675
2.66747
2.65994
2.65241
2.64487
2.63734
2.16203
2.14385
2.12567
2.11814
2.11061
2.10307
2.09554
2.08801
1.97268
1.96515
1.95762
1.95009
1.94256
1.93503
1.9275
1.91996
1.91243
1.37504
1.36751
1.35998
1.35245
1.34492
1.33739
1.32986
1.33739
1.34492
1.35245
1.35998
1.36751
1.38569
1.40388
1.68855
1.70673
1.72491
1.74309
1.76127
1.77946
1.79764
1.81582
2.72454
2.70602
2.69835
2.69068
2.68301
2.67534
2.66766
2.20974
2.19122
2.18355
2.17588
2.16821
2.16054
2.15287
1.99837
1.99069
1.98302
1.97535
1.96768
1.96001
1.95234
1.94467
1.937
1.92933
1.37432
1.36665
1.35898
1.35131
1.34364
1.33597
1.34364
1.35131
1.35898
1.36665
1.76452
1.78304
1.80156
1.82008
1.8386
1.85712
1.87564
2.74926
2.73039
2.72258
2.71476
2.70695
2.69913
2.27812
2.25925
2.25143
2.24362
2.2358
2.22799
2.22017
2.21236
2.0172
2.00939
2.00157
1.99376
1.98594
1.97813
1.97031
1.96249
1.95468
1.94686
1.38138
1.37357
1.36575
1.35794
1.35012
1.3423
1.35012
1.35794
1.36575
1.8245
1.84337
1.86224
1.8811
1.89997
1.91884
1.93771
2.77493
2.7557
2.74774
2.73977
2.73181
2.72384
2.32989
2.32193
2.31396
2.30599
2.29803
2.29006
2.2821
2.03676
2.0288
2.02083
2.01287
2.0049
1.99694
1.98897
1.981
1.97304
1.96507
1.38872
1.38075
1.37278
1.36482
1.35685
1.34889
1.35685
1.36482
1.88678
1.90601
1.92524
1.94448
1.96371
1.98294
2.82122
2.80161
2.78201
2.77388
2.76576
2.75764
2.39518
2.38706
2.37894
2.37082
2.3627
2.35457
2.34645
2.06521
2.05709
2.04897
2.04085
2.03273
2.02461
2.01648
2.00836
2.00024
1.99212
1.984
1.39634
1.38822
1.38009
1.37197
1.36385
1.35573
1.36385
1.95151
1.97112
1.99072
2.01033
2.02994
2.84936
2.82936
2.80936
2.80108
2.79279
2.46309
2.4548
2.44652
2.43823
2.42995
2.42167
2.41338
2.08652
2.07823
2.06995
2.06167
2.05338
2.0451
2.03681
2.02853
2.02024
2.01196
2.00368
1.40426
1.39598
1.3877
1.37941
1.37113
1.36284
1.37113
2.01882
2.03882
2.05882
2.07882
2.89906
2.87865
2.85824
2.83783
2.82938
2.53376
2.52531
2.51686
2.5084
2.49995
2.4915
2.14106
2.12065
2.10024
2.09179
2.08333
2.07488
2.06643
2.05797
2.04952
2.04107
2.03261
2.02416
1.40406
1.39561
1.38715
1.3787
1.37025
1.10144
1.09299
1.08453
1.07608
1.06763
2.08889
2.10929
2.1297
2.95083
2.92999
2.90916
2.88833
2.86749
2.85886
2.60738
2.59875
2.59012
2.58149
2.57287
2.56424
2.17703
2.1562
2.13537
2.11453
2.1059
2.09727
2.08864
2.08001
2.07138
2.06275
2.05413
2.0455
1.41248
1.40385
1.39522
1.38659
1.37796
1.11218
1.10355
1.09492
1.08629
1.07767
1.06904
1.06041
1.05178
2.16187
2.1827
3.0048
2.98352
2.96224
2.94097
2.91969
2.89841
2.69295
2.68414
2.67532
2.66651
2.6577
2.64888
2.23582
2.21454
2.19326
2.17199
2.15071
2.12943
2.12062
2.11181
2.10299
2.09418
2.08537
2.07655
2.06774
2.05893
1.42126
1.41244
1.40363
1.39482
1.386
1.12338
1.11457
1.10576
1.09694
1.08813
1.07932
1.0705
1.06169
1.05288
1.04407
2.22914
2.23795
3.06111
3.03937
3.01764
2.9959
2.97416
2.95242
2.93068
2.78224
2.77323
2.76423
2.75522
2.74622
2.73721
2.72821
2.27542
2.25368
2.23194
2.2102
2.18846
2.16672
2.14498
2.13598
2.12697
2.11797
2.10896
2.09996
2.09095
2.08195
1.43041
1.42141
1.4124
1.4034
1.39439
1.38539
1.16054
1.1388
1.11706
1.10806
1.09905
1.09005
1.08104
1.07204
1.06303
1.05403
1.04502
1.03602
2.30834
3.11993
3.09771
3.07549
3.05327
3.03104
3.00882
2.9866
2.96438
2.94216
2.91993
2.89771
2.87549
2.86628
2.85708
2.84787
2.83867
2.82947
2.82026
2.31678
2.29455
2.27233
2.25011
2.22789
2.20566
2.18344
2.16122
2.15201
2.14281
2.13361
2.1244
2.1152
2.10599
1.43998
1.43077
1.42157
1.41236
1.40316
1.39395
1.17712
1.1549
1.13268
1.11046
1.10125
1.09205
1.08284
1.07364
1.06443
1.05523
1.04602
1.03682
1.02761
3.20026
3.17753
3.1548
3.13207
3.10935
3.08662
3.06389
3.04116
3.01844
2.99571
2.97298
2.96357
2.95415
2.94474
2.93533
2.92591
2.9165
2.90708
2.36002
2.33729
2.31456
2.29183
2.26911
2.24638
2.22365
2.20092
2.1782
2.16878
2.15937
2.14995
2.14054
2.13113
1.44998
1.44056
1.43115
1.42174
1.41232
1.40291
1.21719
1.19446
1.17174
1.14901
1.12628
1.10355
1.09414
1.08473
1.07531
1.0659
1.05648
1.04707
1.03766
1.02824
1.01883
3.28431
3.26106
3.2378
3.21455
3.19129
3.16803
3.14478
3.12152
3.09827
3.07501
3.06538
3.05574
3.04611
3.03648
3.02685
3.01721
3.00758
2.42453
2.40128
2.37802
2.35476
2.33151
2.19596
2.18633
2.1767
2.16707
2.15743
1.46044
1.45081
1.44118
1.43154
1.42191
1.41228
1.40264
1.23586
1.21261
1.18935
1.1661
1.14284
1.11958
1.09633
1.0867
1.07706
1.06743
1.0578
1.04816
1.03853
1.0289
1.01927
3.37237
3.34856
3.32475
3.30094
3.27713
3.25333
3.22952
3.20571
3.1819
3.17203
3.16217
3.15231
3.14245
3.13259
3.12272
3.11286
3.103
2.22444
2.21458
2.20471
2.19485
2.18499
2.17513
1.4714
1.46154
1.45168
1.44182
1.43196
1.42209
1.41223
1.23162
1.20781
1.184
1.16019
1.13638
1.11257
1.08876
1.0789
1.06904
1.05917
1.04931
1.03945
1.02959
1.01972
1.00986
3.44034
3.41595
3.39156
3.36717
3.34278
3.31839
3.294
3.28389
3.27379
3.26369
3.25359
3.24348
3.23338
3.22328
3.21317
2.2442
2.2341
2.224
2.21389
2.20379
1.4829
1.4728
1.4627
1.45259
1.44249
1.43239
1.42229
1.41218
1.25155
1.22716
1.20277
1.17838
1.15399
1.1296
1.10521
1.08082
1.07072
1.06062
1.05051
1.04041
1.03031
1.02021
1.0101
3.5367
3.5117
3.4867
3.4617
3.4367
3.4117
3.40135
3.39099
3.38064
3.37028
3.35993
3.34957
3.33921
3.32886
3.3185
2.28566
2.27531
2.26495
2.25459
2.24424
2.23388
1.49498
1.48462
1.47426
1.46391
1.45355
1.4432
1.43284
1.42249
1.24749
1.22249
1.19749
1.17249
1.14749
1.12249
1.09749
1.07249
1.06213
1.05178
1.04142
1.03107
1.02071
1.01036
3.63801
3.61237
3.58673
3.56108
3.53544
3.52482
3.5142
3.50358
3.49296
3.48234
3.47172
3.4611
3.45048
3.43986
3.42923
2.31863
2.30801
2.29738
2.28676
2.27614
2.26552
1.50767
1.49705
1.48642
1.4758
1.46518
1.45456
1.44394
1.43332
1.24321
1.21757
1.19193
1.16629
1.14065
1.11501
1.08937
1.06373
1.0531
1.04248
1.03186
1.02124
1.01062
1.02124
3.71833
3.69201
3.6657
3.6548
3.6439
3.633
3.6221
3.6112
3.6003
3.5894
3.57849
3.56759
3.55669
2.36423
2.35333
2.34243
2.33153
2.32063
2.30973
2.29883
1.52103
1.51013
1.49923
1.48833
1.47742
1.46652
1.45562
1.44472
1.0545
1.0436
1.0327
1.0218
1.0109
1.0218
3.80299
3.7918
3.7806
3.76941
3.75821
3.74702
3.73582
3.72463
3.71343
3.70224
3.69104
2.4011
2.3899
2.37871
2.36751
2.35632
2.34512
2.33393
1.53511
1.52391
1.51272
1.50152
1.49033
1.47913
1.46794
1.45674
1.04478
1.03358
1.02239
1.0112
1.02239
3.9249
3.9134
3.90189
3.89039
3.87888
3.86737
3.85587
3.84436
3.83286
2.45152
2.44002
2.42851
2.41701
2.4055
2.39399
2.38249
2.37098
1.54997
1.53847
1.52696
1.51545
1.50395
1.49244
1.48094
1.46943
1.03452
1.02301
1.01151
1.02301
1.03452
4.05378
4.04195
4.03011
4.01828
4.00644
3.99461
3.98277
2.50483
2.493
2.48116
2.46933
2.45749
2.44566
2.43382
2.42199
2.41015
1.58242
1.55385
1.54202
1.53018
1.51835
1.50651
1.49468
1.48284
1.0355
1.02367
1.01183
1.02367
1.0355
2.54909
2.53691
2.52473
2.51254
2.50036
2.48818
2.47599
2.46381
2.45163
1.61678
1.58737
1.55796
1.54578
1.53359
1.52141
1.50923
1.49704
1.03655
1.02437
1.01218
1.02437
1.03655
1.04873
2.59603
2.58348
2.57093
2.55838
2.54583
2.53327
2.52072
2.50817
2.49562
1.65322
1.62292
1.59262
1.56231
1.54976
1.53721
1.52466
1.51211
1.03766
1.0251
1.01255
1.0251
1.03766
1.05021
2.64591
2.63296
2.62002
2.60708
2.59413
2.58119
2.56824
2.5553
2.54236
1.69194
1.66069
1.62944
1.59819
1.56694
1.554
1.54105
1.52811
1.06472
1.05178
1.03883
1.02589
1.01294
1.02589
1.03883
1.05178
1.06472
2.699
2.68564
2.67228
2.65892
2.64556
2.63219
2.61883
2.60547
2.59211
1.73316
1.7009
1.66864
1.63638
1.60413
1.57187
1.55851
1.54515
1.10689
1.09353
1.08017
1.06681
1.05345
1.04009
1.02672
1.01336
1.02672
1.04009
1.05345
1.06681
1.08017
2.74183
2.72802
2.71421
2.70041
2.6866
2.67279
2.65899
2.64518
1.74379
1.71046
1.67712
1.64379
1.61046
1.57712
1.56332
1.21046
1.17712
1.14379
1.11046
1.09665
1.08284
1.06904
1.05523
1.04142
1.02761
1.01381
1.02761
1.04142
1.05523
1.06904
1.08284
2.80189
2.78761
2.77333
2.75904
2.74476
2.73048
2.71619
2.70191
1.78964
1.75516
1.72067
1.68619
1.65171
1.61722
1.58274
1.2724
1.23791
1.20343
1.16895
1.13447
1.09998
1.0857
1.07142
1.05713
1.04285
1.02857
1.01428
1.02857
1.04285
1.05713
1.07142
1.0857
1.09998
2.85145
2.83666
2.82187
2.80707
2.79228
2.77749
2.76269
1.83876
1.80305
1.76733
1.73162
1.6959
1.66019
1.62447
1.58876
1.33876
1.30305
1.26733
1.23162
1.1959
1.16019
1.12447
1.08876
1.07397
1.05917
1.04438
1.02959
1.01479
1.02959
1.04438
1.05917
1.07397
1.08876
1.10355
2.92002
2.90468
2.88934
2.874
2.85866
2.84332
2.82798
1.89152
1.85448
1.81745
1.78041
1.74337
1.70634
1.6693
1.63226
1.59522
1.55819
1.52115
1.48411
1.44708
1.41004
1.373
1.33597
1.29893
1.26189
1.22485
1.18782
1.15078
1.11374
1.07671
1.06136
1.04602
1.03068
1.01534
1.03068
1.04602
1.06136
1.07671
1.09205
1.10739
1.12273
2.97794
2.96201
2.94608
2.93015
2.91421
2.89828
1.90988
1.87142
1.83296
1.79449
1.75603
1.71757
1.67911
1.64065
1.60219
1.56373
1.52526
1.4868
1.44834
1.40988
1.37142
1.33296
1.29449
1.25603
1.21757
1.17911
1.14065
1.10219
1.06373
1.04779
1.03186
1.01593
1.03186
1.04779
1.06373
1.07966
1.09559
1.11152
1.12745
3.05706
3.04049
3.02392
3.00735
2.99078
2.97421
2.00284
1.96284
1.92284
1.88284
1.84284
1.80284
1.76284
1.72284
1.68284
1.64284
1.60284
1.56284
1.52284
1.48284
1.44284
1.04971
1.03314
1.01657
1.03314
1.04971
1.06627
1.08284
1.09941
1.11598
1.13255
3.14277
3.12551
3.10825
3.09099
3.07373
3.05647
3.03921
2.06189
2.02022
1.97855
1.93689
1.89522
1.85355
1.81189
1.77022
1.72855
1.68689
1.64522
1.60355
1.03452
1.01726
1.03452
1.05178
1.06904
1.08629
1.10355
1.12081
1.13807
3.2614
3.21792
3.19991
3.1819
3.16389
3.14589
3.12788
2.16954
2.12607
2.08259
2.03911
1.99563
1.95215
1.90867
1.8652
1.82172
1.77824
1.73476
1.01801
1.03602
1.05403
1.07204
1.09005
1.10806
1.12606
1.14407
3.43627
3.39082
3.34536
3.29991
3.28108
3.26225
3.24343
3.2246
2.24153
2.19608
2.15062
2.10517
2.05971
2.01426
1.96881
1.92335
1.8779
1.85907
1.01883
1.03766
1.05648
1.07531
1.09414
1.11297
1.1318
1.15062
3.67542
3.6278
3.58018
3.53256
3.48494
3.43732
3.3897
3.36998
3.35026
3.33053
2.32038
2.27276
2.22514
2.17752
2.1299
2.08228
2.03466
2.01494
1.01972
1.03945
1.05917
1.0789
1.09862
1.11835
1.13807
1.1578
3.98848
3.93848
3.88848
3.83848
3.78848
3.73848
3.68848
3.63848
3.58848
3.53848
3.48848
3.46777
3.44706
2.45711
2.40711
2.35711
2.30711
2.25711
2.20711
2.1864
2.16569
1.04142
1.02071
1.04142
1.06213
1.08284
1.10355
1.12426
1.14497
1.19497
4.28186
4.22923
4.1766
4.12397
4.07134
4.0187
3.96607
3.91344
3.86081
3.80818
3.75555
3.70291
3.65028
3.59765
3.57585
3.55405
2.60823
2.5556
2.50297
2.45033
2.3977
2.3759
2.3541
2.3323
1.0436
1.0218
1.0436
1.0654
1.0872
1.109
1.1308
1.18344
4.49673
4.44118
4.38562
4.33006
4.27451
4.21895
4.1634
4.10784
4.05229
3.99673
3.94118
3.88562
3.83006
3.77451
3.71895
3.69594
2.72059
2.66503
2.60948
2.58646
2.56345
2.54044
2.51743
1.06904
1.04602
1.02301
1.04602
1.06904
1.09205
1.11506
4.7957
4.73688
4.67806
4.61923
4.56041
4.50158
4.44276
4.38394
4.32511
4.26629
4.20747
4.14864
4.08982
4.031
3.97217
3.91335
3.85453
2.90499
2.84616
2.8218
2.79743
2.77307
2.7487
2.72434
1.12183
1.09746
1.0731
1.04873
1.02437
1.04873
1.0731
1.09746
5.06955
5.00705
4.94455
4.88205
4.81955
4.75705
4.69455
4.63205
4.56955
4.50705
4.44455
4.38205
4.31955
4.25705
4.19455
4.13205
4.06955
4.00705
3.17494
3.11244
3.08655
3.06066
3.03477
3.00888
2.983
2.95711
1.18122
1.15533
1.12944
1.10355
1.07766
1.05178
1.02589
1.05178
1.07766
5.31323
5.24657
5.1799
5.11323
5.04657
4.9799
4.91323
4.84657
4.7799
4.71323
4.64657
4.5799
4.51323
4.44657
4.3799
4.31323
4.24657
4.1799
3.41421
3.3866
3.35899
3.33137
3.30376
3.27614
3.24853
3.22091
1.22091
1.1933
1.16569
1.13807
1.11046
1.08284
1.05523
1.02761
1.05523
5.59174
5.52031
5.44888
5.37745
5.30602
5.23459
5.16316
5.09174
5.02031
4.94888
4.87745
4.80602
4.73459
4.66316
4.59174
4.52031
4.44888
4.37745
3.7591
3.72952
3.69993
3.67034
3.64076
3.61117
3.58158
3.55199
1.26628
1.23669
1.20711
1.17752
1.14793
1.11835
1.08876
1.05917
1.02959
1.05917
1.35049
1.31863
1.28676
1.2549
5.22078
5.14385
5.06693
4.99001
4.91308
4.83616
4.75924
4.68231
4.60539
4.15705
4.12519
4.09332
4.06146
4.0296
3.99774
3.96587
3.93401
3.90215
1.36369
1.28676
1.2549
1.22304
1.19118
1.15931
1.12745
1.09559
1.06373
1.03186
1.49755
1.41421
1.3797
1.34518
1.31066
1.27614
1.24162
5.45466
5.37132
5.28799
5.20466
5.12132
5.03799
4.95466
4.87132
4.78799
4.70466
4.62132
4.5868
4.55229
4.51777
4.48325
4.44873
4.41421
4.3797
4.34518
4.31066
1.44281
1.35948
1.27614
1.24162
1.20711
1.17259
1.13807
1.10355
1.06904
1.03452
1
1.59603
1.50512
1.41421
1.37656
1.3389
1.30125
1.26359
1.22593
5.80637
5.71546
5.62455
5.53364
5.44273
5.35183
5.26092
5.17001
5.13235
5.0947
5.05704
5.01938
4.98173
4.94407
4.90642
4.86876
4.8311
4.79345
1.53632
1.44541
1.3545
1.26359
1.22593
1.18828
1.15062
1.11297
1.07531
1.03766
1
1
1
1.81421
1.71421
1.61421
1.51421
1.41421
1.37279
1.33137
1.28995
1.24853
1.20711
6.32843
6.22843
6.12843
6.02843
5.92843
5.82843
5.78701
5.74559
5.70416
5.66274
5.62132
5.5799
5.53848
5.49706
5.45564
5.41421
5.37279
1.64853
1.54853
1.44853
1.34853
1.24853
1.20711
1.16569
1.12426
1.08284
1.04142
1
1
1
1
1
1
1
1
1.04602
1.09205
1.96977
1.85866
1.74755
1.63644
1.52532
1.41421
1.36819
1.32217
1.27614
1.23012
7.07761
6.9665
6.85539
6.74428
6.63317
6.58714
6.54112
6.4951
6.44907
6.40305
6.35702
6.311
6.26498
6.21895
6.17293
6.1269
1.78567
1.67456
1.56345
1.45234
1.34123
1.23012
1.18409
1.13807
1.09205
1.04602
1
1
1
1
1
1
1
1
1
1
1.05178
1.10355
1.15533
2.16421
2.03921
1.91421
1.78921
1.66421
1.53921
1.41421
1.36244
1.31066
1.25888
1.20711
7.88909
7.76409
7.63909
7.58731
7.53554
7.48376
7.43198
7.38021
7.32843
7.27665
7.22488
7.1731
7.12132
7.06954
1.83211
1.70711
1.58211
1.45711
1.33211
1.20711
1.15533
1.10355
1.05178
1
1
1
1
1
1
1
1
1
1
1
1
1
1
1
1.05917
1.11835
1.17752
1.23669
2.41421
2.27136
2.1285
1.98564
1.84278
1.69993
1.55707
1.41421
1.35504
1.29587
1.23669
1.17752
1.11835
1.05917
1
1
1
8.93242
8.87325
8.81407
8.7549
8.69573
8.63655
8.57738
8.5182
8.45903
8.39986
8.34068
8.28151
8.22234
1.89181
1.74895
1.60609
1.46323
1.32038
1.17752
1.11835
1.05917
1
1
1
1
1
1
1
1
1
1
1
1
1
1
1
1
1.06904
1.13807
1.20711
1.27614
2.41421
2.24755
2.08088
1.91421
1.74755
1.58088
1.41421
1.34518
1.27614
1.20711
1.13807
1.06904
1
1
1
1
1
1
1
1
10.4498
10.3807
10.3117
10.2426
10.1736
10.1046
10.0355
9.9665
9.89746
1.80474
1.63807
1.4714
1.30474
1.13807
1.06904
1
1
1
1
1
1
1
1
1
1
1
1
1
1
1
1
1.08284
1.16569
1.24853
1.33137
2.21421
2.01421
1.81421
1.61421
1.41421
1.33137
1.24853
1.16569
1.08284
1
1
1
1
1
1
1
1
1
12.574
12.4912
12.4083
12.3255
12.2426
1.28284
1.08284
1
1
1
1
1
1
1
1
1
1
1
1
1
1
1
1
1.10355
1.20711
1.31066
1.41421
1.91421
1.66421
1.41421
1.31066
1.20711
1.10355
1
1
1
1
1
1
1
1
1
1
1
1
1
1
1
1
1
1
1
1
1
1
1
1
1
1
1
1.13807
1.27614
1.41421
1.74755
1.41421
1.27614
1.13807
1
1
1
1
1
1
1
1
1
1
1
1
1
1
1
1
1
1
1
1
1
1
1
1
1
1
1
1
1.20711
1.41421
1.91421
1.41421
1.20711
1
1
1
1
1
1
1
1
1
1
1
1
1
1
1
1
1
1
1
1
1
1
1
1
1
1
1
1
1
1
1
1
1
1
1.41421
2.41421
1.41421
1
1
1
1
1
1
1
1
1
1
1
1
1
1
1
1
1
1
1
1
1
1
1
1
1
1
1
1
1
1
1
1
1
1
1
1
1
1
1
1
1
1
1
1
1
1
1
1
1
1
1
1
1
1
1
1
1
1
1
1
1
1
1
1
1
1
1
1
