0 0
0.02 0
0.04 0
0.06 0
0.08 0
0.1 0
0.12 0
0.14 0
0.16 0
0.18 0
0.2 0
0.22 0
0.24 0
0.26 0
0.28 0
0.3 0
0.32 0
0.34 0
0.36 0
0.38 0
0.4 0
0.42 0
0.44 0
0.46 0
0.48 0
0.5 0
0.52 0
0.54 0
0.56 0
0.58 0
0.6 0
0.62 0
0.64 0
0.66 0
0.68 0
0.7 0
0.72 0
0.74 0
0.76 0
0.78 0
0.8 0
0.82 0
0.84 0
0.86 0
0.88 0
0.9 0
0.92 0
0.94 0
0.96 0
0.98 0
1 6354
1.02 495
1.04 483
1.06 523
1.08 522
1.1 484
1.12 454
1.14 418
1.16 387
1.18 346
1.2 298
1.22 275
1.24 234
1.26 207
1.28 209
1.3 200
1.32 195
1.34 183
1.36 153
1.38 141
1.4 116
1.42 166
1.44 184
1.46 200
1.48 184
1.5 173
1.52 171
1.54 159
1.56 145
1.58 148
1.6 139
1.62 131
1.64 126
1.66 118
1.68 117
1.7 108
1.72 102
1.74 97
1.76 93
1.78 89
1.8 79
1.82 82
1.84 71
1.86 68
1.88 66
1.9 64
1.92 57
1.94 48
1.96 48
1.98 45
2 38
2.02 36
2.04 34
2.06 27
2.08 31
2.1 29
2.12 27
2.14 24
2.16 22
2.18 22
2.2 19
2.22 19
2.24 15
2.26 16
2.28 14
2.3 11
2.32 10
2.34 8
2.36 5
2.38 2
2.4 0
2.42 0
2.44 0
2.46 0
2.48 0
2.5 0
2.52 0
2.54 0
2.56 0
2.58 0
2.6 0
2.62 0
2.64 0
2.66 0
2.68 0
2.7 0
2.72 0
2.74 0
2.76 0
2.78 0
2.8 0
2.82 0
2.84 0
2.86 0
2.88 0
2.9 0
2.92 0
2.94 0
2.96 0
2.98 0
