0 0
0.02 0
0.04 0
0.06 0
0.08 0
0.1 0
0.12 0
0.14 0
0.16 0
0.18 0
0.2 0
0.22 0
0.24 0
0.26 0
0.28 0
0.3 0
0.32 0
0.34 0
0.36 0
0.38 0
0.4 0
0.42 0
0.44 0
0.46 0
0.48 0
0.5 0
0.52 0
0.54 0
0.56 0
0.58 0
0.6 0
0.62 0
0.64 0
0.66 0
0.68 0
0.7 0
0.72 0
0.74 0
0.76 0
0.78 0
0.8 0
0.82 0
0.84 0
0.86 0
0.88 0
0.9 0
0.92 0
0.94 0
0.96 0
0.98 0
1 7534
1.02 2594
1.04 3219
1.06 2883
1.08 2059
1.1 1287
1.12 901
1.14 673
1.16 651
1.18 523
1.2 367
1.22 274
1.24 212
1.26 155
1.28 117
1.3 88
1.32 76
1.34 63
1.36 50
1.38 42
1.4 48
1.42 33
1.44 29
1.46 22
1.48 31
1.5 21
1.52 20
1.54 15
1.56 22
1.58 15
1.6 12
1.62 16
1.64 14
1.66 12
1.68 12
1.7 10
1.72 7
1.74 10
1.76 10
1.78 8
1.8 7
1.82 9
1.84 6
1.86 7
1.88 3
1.9 6
1.92 4
1.94 6
1.96 3
1.98 3
2 2
2.02 3
2.04 4
2.06 2
2.08 3
2.1 2
2.12 3
2.14 3
2.16 2
2.18 3
2.2 1
2.22 1
2.24 3
2.26 2
2.28 2
2.3 1
2.32 2
2.34 3
2.36 0
2.38 1
2.4 2
2.42 1
2.44 3
2.46 0
2.48 3
2.5 0
2.52 1
2.54 2
2.56 0
2.58 2
2.6 0
2.62 1
2.64 2
2.66 0
2.68 2
2.7 1
2.72 0
2.74 1
2.76 1
2.78 1
2.8 1
2.82 0
2.84 1
2.86 1
2.88 1
2.9 0
2.92 1
2.94 1
2.96 0
2.98 1
3 0
3.02 1
3.04 0
3.06 0
3.08 1
3.1 0
3.12 0
3.14 1
3.16 1
3.18 0
3.2 1
3.22 0
3.24 1
3.26 0
3.28 1
3.3 0
3.32 1
3.34 1
3.36 0
3.38 0
3.4 1
3.42 0
3.44 0
3.46 1
3.48 0
3.5 0
3.52 1
3.54 0
3.56 0
3.58 1
3.6 0
3.62 0
3.64 0
3.66 1
3.68 0
3.7 1
3.72 0
3.74 0
3.76 0
3.78 1
3.8 0
3.82 0
3.84 0
3.86 0
3.88 0
3.9 0
3.92 0
3.94 0
3.96 0
3.98 0
