0 0
0.02 0
0.04 0
0.06 0
0.08 0
0.1 0
0.12 0
0.14 0
0.16 0
0.18 0
0.2 0
0.22 0
0.24 0
0.26 0
0.28 0
0.3 0
0.32 0
0.34 0
0.36 0
0.38 0
0.4 0
0.42 0
0.44 0
0.46 0
0.48 0
0.5 0
0.52 0
0.54 0
0.56 0
0.58 0
0.6 0
0.62 0
0.64 0
0.66 0
0.68 0
0.7 0
0.72 0
0.74 0
0.76 0
0.78 0
0.8 0
0.82 0
0.84 0
0.86 0
0.88 0
0.9 0
0.92 0
0.94 0
0.96 0
0.98 0
1 6689.88
1.02 2295.87
1.04 2839.77
1.06 2535.07
1.08 1804.61
1.1 1124.31
1.12 784.533
1.14 584.09
1.16 563.148
1.18 450.94
1.2 315.397
1.22 234.702
1.24 180.998
1.26 131.899
1.28 99.2349
1.3 74.3926
1.32 64.0366
1.34 52.908
1.36 41.852
1.38 35.0396
1.4 39.913
1.42 27.3495
1.44 23.9548
1.46 18.1124
1.48 25.4375
1.5 17.1747
1.52 16.3025
1.54 12.1863
1.56 17.8138
1.58 12.1053
1.6 9.652
1.62 12.8264
1.64 11.1857
1.66 9.55572
1.68 9.52379
1.7 7.90995
1.72 5.51843
1.74 7.85707
1.76 7.83073
1.78 6.24356
1.8 5.44477
1.82 6.9769
1.84 4.63562
1.86 5.39002
1.88 2.30223
1.9 4.58893
1.92 3.04896
1.94 4.558
1.96 2.2713
1.98 2.26362
2 1.50397
2.02 2.24831
2.04 2.98759
2.06 1.48873
2.08 2.2255
2.1 1.47863
2.12 2.2104
2.14 2.20287
2.16 1.46358
2.18 2.18788
2.2 0.726807
2.22 0.724325
2.24 2.16555
2.26 1.43876
2.28 1.43384
2.3 0.714463
2.32 1.42403
2.34 2.12871
2.36 0
2.38 0.704704
2.4 1.40456
2.42 0.699864
2.44 2.09236
2.46 0
2.48 2.07795
2.5 0
2.52 0.687875
2.54 1.37099
2.56 0
2.58 1.36152
2.6 0
2.62 0.676045
2.64 1.3474
2.66 0
2.68 1.33805
2.7 0.666695
2.72 0
2.74 0.662059
2.76 0.659749
2.78 0.657447
2.8 0.65515
2.82 0
2.84 0.650576
2.86 0.648298
2.88 0.646026
2.9 0
2.92 0.641502
2.94 0.639249
2.96 0
2.98 0.634762
3 0
3.02 0.630299
3.04 0
3.06 0
3.08 0.623651
3.1 0
3.12 0
3.14 0.617058
3.16 0.614872
3.18 0
3.2 0.61052
3.22 0
3.24 0.606191
3.26 0
3.28 0.601887
3.3 0
3.32 0.597606
3.34 0.595475
3.36 0
3.38 0
3.4 0.589118
3.42 0
3.44 0
3.46 0.582814
3.48 0
3.5 0
3.52 0.576563
3.54 0
3.56 0
3.58 0.570366
3.6 0
3.62 0
3.64 0
3.66 0.562185
3.68 0
3.7 0.55813
3.72 0
3.74 0
3.76 0
3.78 0.550088
3.8 0
3.82 0
3.84 0
3.86 0
3.88 0
3.9 0
3.92 0
3.94 0
3.96 0
3.98 0
