0 0
0.02 0
0.04 0
0.06 0
0.08 0
0.1 0
0.12 0
0.14 0
0.16 0
0.18 0
0.2 0
0.22 0
0.24 0
0.26 0
0.28 0
0.3 0
0.32 0
0.34 0
0.36 0
0.38 0
0.4 0
0.42 0
0.44 0
0.46 0
0.48 0
0.5 0
0.52 0
0.54 0
0.56 0
0.58 0
0.6 0
0.62 0
0.64 0
0.66 0
0.68 0
0.7 0
0.72 0
0.74 0
0.76 0
0.78 0
0.8 0
0.82 0
0.84 0
0.86 0
0.88 0
0.9 0
0.92 0
0.94 0
0.96 0
0.98 0
1 6239.69
1.02 588.572
1.04 542.547
1.06 517.917
1.08 497.823
1.1 439.415
1.12 367.451
1.14 291.611
1.16 250.865
1.18 219.866
1.2 167.582
1.22 153.327
1.24 129.772
1.26 109.774
1.28 88.2088
1.3 82.8463
1.32 114.592
1.34 118.413
1.36 105.467
1.38 107.622
1.4 83.1521
1.42 107.74
1.44 99.9495
1.46 88.9156
1.48 78.7741
1.5 76.0593
1.52 74.9917
1.54 69.0556
1.56 65.587
1.58 59.7196
1.6 57.912
1.62 56.1157
1.64 51.1346
1.66 46.9823
1.68 47.619
1.7 41.9227
1.72 42.5708
1.74 35.3568
1.76 39.1536
1.78 35.12
1.8 30.3352
1.82 31.7836
1.84 27.8137
1.86 28.4901
1.88 22.2549
1.9 26.0039
1.92 22.105
1.94 19.7513
1.96 18.9275
1.98 17.3544
2 17.2957
2.02 14.2393
2.04 14.191
2.06 11.1654
2.08 12.6112
2.1 9.61108
2.12 10.3152
2.14 10.2801
2.16 8.04969
2.18 8.02224
2.2 6.54126
2.22 5.7946
2.24 5.05295
2.26 2.87752
2.28 2.15076
2.3 2.14339
2.32 0
2.34 0
2.36 0
2.38 0
2.4 0
2.42 0
2.44 0
2.46 0
2.48 0
2.5 0
2.52 0
2.54 0
2.56 0
2.58 0
2.6 0
2.62 0
2.64 0
2.66 0
2.68 0
2.7 0
2.72 0
2.74 0
2.76 0
2.78 0
2.8 0
2.82 0
2.84 0
2.86 0
2.88 0
2.9 0
2.92 0
2.94 0
2.96 0
2.98 0
