0 0
0.02 0
0.04 0
0.06 0
0.08 0
0.1 0
0.12 0
0.14 0
0.16 0
0.18 0
0.2 0
0.22 0
0.24 0
0.26 0
0.28 0
0.3 0
0.32 0
0.34 0
0.36 0
0.38 0
0.4 0
0.42 0
0.44 0
0.46 0
0.48 0
0.5 0
0.52 0
0.54 0
0.56 0
0.58 0
0.6 0
0.62 0
0.64 0
0.66 0
0.68 0
0.7 0
0.72 0
0.74 0
0.76 0
0.78 0
0.8 0
0.82 0
0.84 0
0.86 0
0.88 0
0.9 0
0.92 0
0.94 0
0.96 0
0.98 0
1 7027
1.02 7692
1.04 8307
1.06 8896
1.08 9464
1.1 9967
1.12 10389
1.14 10725
1.16 11015
1.18 11270
1.2 11465
1.22 11644
1.24 11796
1.26 11925
1.28 12029
1.3 12127
1.32 12263
1.34 12404
1.36 12530
1.38 12659
1.4 12759
1.42 12889
1.44 13010
1.46 13118
1.48 13214
1.5 13307
1.52 13399
1.54 13484
1.56 13565
1.58 13639
1.6 13711
1.62 13781
1.64 13845
1.66 13904
1.68 13964
1.7 14017
1.72 14071
1.74 14116
1.76 14166
1.78 14211
1.8 14250
1.82 14291
1.84 14327
1.86 14364
1.88 14393
1.9 14427
1.92 14456
1.94 14482
1.96 14507
1.98 14530
2 14553
2.02 14572
2.04 14591
2.06 14606
2.08 14623
2.1 14636
2.12 14650
2.14 14664
2.16 14675
2.18 14686
2.2 14695
2.22 14703
2.24 14710
2.26 14714
2.28 14717
2.3 14720
2.32 14720
2.34 14720
2.36 14720
2.38 14720
2.4 14720
2.42 14720
2.44 14720
2.46 14720
2.48 14720
2.5 14720
2.52 14720
2.54 14720
2.56 14720
2.58 14720
2.6 14720
2.62 14720
2.64 14720
2.66 14720
2.68 14720
2.7 14720
2.72 14720
2.74 14720
2.76 14720
2.78 14720
2.8 14720
2.82 14720
2.84 14720
2.86 14720
2.88 14720
2.9 14720
2.92 14720
2.94 14720
2.96 14720
2.98 14720
