0 0
0.02 0
0.04 0
0.06 0
0.08 0
0.1 0
0.12 0
0.14 0
0.16 0
0.18 0
0.2 0
0.22 0
0.24 0
0.26 0
0.28 0
0.3 0
0.32 0
0.34 0
0.36 0
0.38 0
0.4 0
0.42 0
0.44 0
0.46 0
0.48 0
0.5 0
0.52 0
0.54 0
0.56 0
0.58 0
0.6 0
0.62 0
0.64 0
0.66 0
0.68 0
0.7 0
0.72 0
0.74 0
0.76 0
0.78 0
0.8 0
0.82 0
0.84 0
0.86 0
0.88 0
0.9 0
0.92 0
0.94 0
0.96 0
0.98 0
1 6239.69
1.02 6828.26
1.04 7370.81
1.06 7888.73
1.08 8386.55
1.1 8825.96
1.12 9193.42
1.14 9485.03
1.16 9735.89
1.18 9955.76
1.2 10123.3
1.22 10276.7
1.24 10406.4
1.26 10516.2
1.28 10604.4
1.3 10687.3
1.32 10801.9
1.34 10920.3
1.36 11025.7
1.38 11133.4
1.4 11216.5
1.42 11324.3
1.44 11424.2
1.46 11513.1
1.48 11591.9
1.5 11668
1.52 11742.9
1.54 11812
1.56 11877.6
1.58 11937.3
1.6 11995.2
1.62 12051.3
1.64 12102.5
1.66 12149.4
1.68 12197.1
1.7 12239
1.72 12281.6
1.74 12316.9
1.76 12356.1
1.78 12391.2
1.8 12421.5
1.82 12453.3
1.84 12481.1
1.86 12509.6
1.88 12531.9
1.9 12557.9
1.92 12580
1.94 12599.7
1.96 12618.7
1.98 12636
2 12653.3
2.02 12667.5
2.04 12681.7
2.06 12692.9
2.08 12705.5
2.1 12715.1
2.12 12725.4
2.14 12735.7
2.16 12743.8
2.18 12751.8
2.2 12758.3
2.22 12764.1
2.24 12769.2
2.26 12772.1
2.28 12774.2
2.3 12776.4
2.32 12776.4
2.34 12776.4
2.36 12776.4
2.38 12776.4
2.4 12776.4
2.42 12776.4
2.44 12776.4
2.46 12776.4
2.48 12776.4
2.5 12776.4
2.52 12776.4
2.54 12776.4
2.56 12776.4
2.58 12776.4
2.6 12776.4
2.62 12776.4
2.64 12776.4
2.66 12776.4
2.68 12776.4
2.7 12776.4
2.72 12776.4
2.74 12776.4
2.76 12776.4
2.78 12776.4
2.8 12776.4
2.82 12776.4
2.84 12776.4
2.86 12776.4
2.88 12776.4
2.9 12776.4
2.92 12776.4
2.94 12776.4
2.96 12776.4
2.98 12776.4
