0 0
0.02 0
0.04 0
0.06 0
0.08 0
0.1 0
0.12 0
0.14 0
0.16 0
0.18 0
0.2 0
0.22 0
0.24 0
0.26 0
0.28 0
0.3 0
0.32 0
0.34 0
0.36 0
0.38 0
0.4 0
0.42 0
0.44 0
0.46 0
0.48 0
0.5 0
0.52 0
0.54 0
0.56 0
0.58 0
0.6 0
0.62 0
0.64 0
0.66 0
0.68 0
0.7 0
0.72 0
0.74 0
0.76 0
0.78 0
0.8 0
0.82 0
0.84 0
0.86 0
0.88 0
0.9 0
0.92 0
0.94 0
0.96 0
0.98 0
1 2908.95
1.02 212.417
1.04 235.545
1.06 212.795
1.08 234.888
1.1 238.49
1.12 269.928
1.14 270.782
1.16 312.283
1.18 296.603
1.2 259.537
1.22 357.192
1.24 337.237
1.26 320.812
1.28 266.323
1.3 223.178
1.32 163.462
1.34 133.53
1.36 142.297
1.38 124.307
1.4 77.3314
1.42 121.829
1.44 107.384
1.46 99.6184
1.48 99.2883
1.5 104.684
1.52 118.193
1.54 151.922
1.56 166.802
1.58 177.545
1.6 174.54
1.62 178.768
1.64 192.554
1.66 210.226
1.68 219.841
1.7 220.688
1.72 238.081
1.74 241.998
1.76 228.657
1.78 215.403
1.8 194.456
1.82 171.322
1.84 165.337
1.86 157.851
1.88 153.482
1.9 148.375
1.92 163.12
1.94 154.212
1.96 161.262
1.98 170.526
2 175.213
2.02 173.12
2.04 159.089
2.06 157.805
2.08 147.625
2.1 143.427
2.12 139.992
2.14 128.501
2.16 126.6
2.18 119.604
2.2 117.016
2.22 112.27
2.24 108.999
2.26 105.03
2.28 103.236
2.3 103.597
2.32 96.8338
2.34 92.9537
2.36 96.1702
2.38 83.1551
2.4 90.5942
2.42 80.4843
2.44 80.2071
2.46 69.5049
2.48 69.9578
2.5 61.4331
2.52 59.1572
2.54 48.6702
2.56 50.5512
2.58 39.484
2.6 44.7743
2.62 40.5627
2.64 41.7693
2.66 39.6101
2.68 36.7963
2.7 36.0016
2.72 33.2187
2.74 33.1029
2.76 35.6265
2.78 32.2149
2.8 34.0678
2.82 34.6016
2.84 36.4322
2.86 31.1183
2.88 31.6553
2.9 28.9692
2.92 31.4336
2.94 29.4055
2.96 26.7541
2.98 26.66
3 24.6686
3.02 25.212
3.04 20.7265
3.06 20.0275
3.08 19.3332
3.1 19.2649
3.12 16.7197
3.14 16.0435
3.16 12.9123
3.18 14.0919
3.2 12.8209
3.22 11.5587
3.24 7.27429
3.26 5.43632
3.28 4.81509
3.3 4.79795
3.32 4.18324
3.34 4.16833
3.36 3.5601
3.38 4.13862
3.4 2.94559
3.42 4.10907
3.44 2.92455
3.46 2.91407
3.48 2.90362
3.5 2.89321
3.52 2.88282
3.54 2.87246
3.56 2.2897
3.58 2.28146
3.6 1.70494
3.62 1.69879
3.64 1.12844
3.66 1.12437
3.68 0.560154
3.7 0
3.72 0
3.74 0
3.76 0
3.78 0
3.8 0
3.82 0
3.84 0
3.86 0
3.88 0
3.9 0
3.92 0
3.94 0
3.96 0
3.98 0
