0 0
0.02 0
0.04 0
0.06 0
0.08 0
0.1 0
0.12 0
0.14 0
0.16 0
0.18 0
0.2 0
0.22 0
0.24 0
0.26 0
0.28 0
0.3 0
0.32 0
0.34 0
0.36 0
0.38 0
0.4 0
0.42 0
0.44 0
0.46 0
0.48 0
0.5 0
0.52 0
0.54 0
0.56 0
0.58 0
0.6 0
0.62 0
0.64 0
0.66 0
0.68 0
0.7 0
0.72 0
0.74 0
0.76 0
0.78 0
0.8 0
0.82 0
0.84 0
0.86 0
0.88 0
0.9 0
0.92 0
0.94 0
0.96 0
0.98 0
1 3261
1.02 140
1.04 165
1.06 157
1.08 171
1.1 168
1.12 165
1.14 131
1.16 130
1.18 126
1.2 104
1.22 87
1.24 68
1.26 51
1.28 40
1.3 35
1.32 31
1.34 22
1.36 24
1.38 28
1.4 14
1.42 31
1.44 29
1.46 17
1.48 23
1.5 20
1.52 22
1.54 19
1.56 19
1.58 23
1.6 17
1.62 18
1.64 20
1.66 18
1.68 18
1.7 19
1.72 19
1.74 16
1.76 18
1.78 18
1.8 19
1.82 18
1.84 18
1.86 20
1.88 18
1.9 19
1.92 19
1.94 21
1.96 20
1.98 20
2 21
2.02 20
2.04 22
2.06 19
2.08 21
2.1 20
2.12 22
2.14 24
2.16 21
2.18 21
2.2 22
2.22 19
2.24 20
2.26 23
2.28 20
2.3 16
2.32 17
2.34 19
2.36 13
2.38 11
2.4 10
2.42 13
2.44 14
2.46 7
2.48 6
2.5 5
2.52 7
2.54 4
2.56 2
2.58 1
2.6 0
2.62 1
2.64 1
2.66 0
2.68 0
2.7 0
2.72 0
2.74 1
2.76 0
2.78 0
2.8 0
2.82 0
2.84 0
2.86 0
2.88 0
2.9 0
2.92 0
2.94 0
2.96 0
2.98 0
