0 0
0.02 0
0.04 0
0.06 0
0.08 0
0.1 0
0.12 0
0.14 0
0.16 0
0.18 0
0.2 0
0.22 0
0.24 0
0.26 0
0.28 0
0.3 0
0.32 0
0.34 0
0.36 0
0.38 0
0.4 0
0.42 0
0.44 0
0.46 0
0.48 0
0.5 0
0.52 0
0.54 0
0.56 0
0.58 0
0.6 0
0.62 0
0.64 0
0.66 0
0.68 0
0.7 0
0.72 0
0.74 0
0.76 0
0.78 0
0.8 0
0.82 0
0.84 0
0.86 0
0.88 0
0.9 0
0.92 0
0.94 0
0.96 0
0.98 0
1 2908.95
1.02 3121.37
1.04 3356.92
1.06 3569.71
1.08 3804.6
1.1 4043.09
1.12 4313.02
1.14 4583.8
1.16 4896.08
1.18 5192.69
1.2 5452.22
1.22 5809.41
1.24 6146.65
1.26 6467.46
1.28 6733.78
1.3 6956.96
1.32 7120.42
1.34 7253.95
1.36 7396.25
1.38 7520.56
1.4 7597.89
1.42 7719.72
1.44 7827.1
1.46 7926.72
1.48 8026.01
1.5 8130.69
1.52 8248.89
1.54 8400.81
1.56 8567.61
1.58 8745.16
1.6 8919.7
1.62 9098.46
1.64 9291.02
1.66 9501.24
1.68 9721.08
1.7 9941.77
1.72 10179.9
1.74 10421.9
1.76 10650.5
1.78 10865.9
1.8 11060.4
1.82 11231.7
1.84 11397
1.86 11554.9
1.88 11708.4
1.9 11856.7
1.92 12019.9
1.94 12174.1
1.96 12335.3
1.98 12505.9
2 12681.1
2.02 12854.2
2.04 13013.3
2.06 13171.1
2.08 13318.7
2.1 13462.1
2.12 13602.1
2.14 13730.6
2.16 13857.2
2.18 13976.8
2.2 14093.8
2.22 14206.1
2.24 14315.1
2.26 14420.1
2.28 14523.4
2.3 14627
2.32 14723.8
2.34 14816.8
2.36 14912.9
2.38 14996.1
2.4 15086.7
2.42 15167.2
2.44 15247.4
2.46 15316.9
2.48 15386.8
2.5 15448.3
2.52 15507.4
2.54 15556.1
2.56 15606.7
2.58 15646.1
2.6 15690.9
2.62 15731.5
2.64 15773.2
2.66 15812.9
2.68 15849.6
2.7 15885.6
2.72 15918.9
2.74 15952
2.76 15987.6
2.78 16019.8
2.8 16053.9
2.82 16088.5
2.84 16124.9
2.86 16156
2.88 16187.7
2.9 16216.7
2.92 16248.1
2.94 16277.5
2.96 16304.2
2.98 16330.9
3 16355.6
3.02 16380.8
3.04 16401.5
3.06 16421.5
3.08 16440.9
3.1 16460.1
3.12 16476.9
3.14 16492.9
3.16 16505.8
3.18 16519.9
3.2 16532.7
3.22 16544.3
3.24 16551.6
3.26 16557
3.28 16561.8
3.3 16566.6
3.32 16570.8
3.34 16575
3.36 16578.5
3.38 16582.7
3.4 16585.6
3.42 16589.7
3.44 16592.6
3.46 16595.6
3.48 16598.5
3.5 16601.4
3.52 16604.2
3.54 16607.1
3.56 16609.4
3.58 16611.7
3.6 16613.4
3.62 16615.1
3.64 16616.2
3.66 16617.3
3.68 16617.9
3.7 16617.9
3.72 16617.9
3.74 16617.9
3.76 16617.9
3.78 16617.9
3.8 16617.9
3.82 16617.9
3.84 16617.9
3.86 16617.9
3.88 16617.9
3.9 16617.9
3.92 16617.9
3.94 16617.9
3.96 16617.9
3.98 16617.9
