0 0
0.02 0
0.04 0
0.06 0
0.08 0
0.1 0
0.12 0
0.14 0
0.16 0
0.18 0
0.2 0
0.22 0
0.24 0
0.26 0
0.28 0
0.3 0
0.32 0
0.34 0
0.36 0
0.38 0
0.4 0
0.42 0
0.44 0
0.46 0
0.48 0
0.5 0
0.52 0
0.54 0
0.56 0
0.58 0
0.6 0
0.62 0
0.64 0
0.66 0
0.68 0
0.7 0
0.72 0
0.74 0
0.76 0
0.78 0
0.8 0
0.82 0
0.84 0
0.86 0
0.88 0
0.9 0
0.92 0
0.94 0
0.96 0
0.98 0
1 1943
1.02 1969
1.04 1998
1.06 2019
1.08 2041
1.1 2061
1.12 2077
1.14 2087
1.16 2099
1.18 2109
1.2 2119
1.22 2129
1.24 2137
1.26 2145
1.28 2150
1.3 2156
1.32 2159
1.34 2159
1.36 2161
1.38 2169
1.4 2169
1.42 2169
1.44 2169
1.46 2171
1.48 2174
1.5 2175
1.52 2175
1.54 2175
1.56 2176
1.58 2177
1.6 2177
1.62 2177
1.64 2177
1.66 2177
1.68 2177
1.7 2177
1.72 2177
1.74 2177
1.76 2177
1.78 2177
1.8 2177
1.82 2177
1.84 2177
1.86 2177
1.88 2177
1.9 2177
1.92 2177
1.94 2177
1.96 2177
1.98 2177
