0 0
0.02 0
0.04 0
0.06 0
0.08 0
0.1 0
0.12 0
0.14 0
0.16 0
0.18 0
0.2 0
0.22 0
0.24 0
0.26 0
0.28 0
0.3 0
0.32 0
0.34 0
0.36 0
0.38 0
0.4 0
0.42 0
0.44 0
0.46 0
0.48 0
0.5 0
0.52 0
0.54 0
0.56 0
0.58 0
0.6 0
0.62 0
0.64 0
0.66 0
0.68 0
0.7 0
0.72 0
0.74 0
0.76 0
0.78 0
0.8 0
0.82 0
0.84 0
0.86 0
0.88 0
0.9 0
0.92 0
0.94 0
0.96 0
0.98 0
1 3276
1.02 240
1.04 267
1.06 242
1.08 268
1.1 273
1.12 310
1.14 312
1.16 361
1.18 344
1.2 302
1.22 417
1.24 395
1.26 377
1.28 314
1.3 264
1.32 194
1.34 159
1.36 170
1.38 149
1.4 93
1.42 147
1.44 130
1.46 121
1.48 121
1.5 128
1.52 145
1.54 187
1.56 206
1.58 220
1.6 217
1.62 223
1.64 241
1.66 264
1.68 277
1.7 279
1.72 302
1.74 308
1.76 292
1.78 276
1.8 250
1.82 221
1.84 214
1.86 205
1.88 200
1.9 194
1.92 214
1.94 203
1.96 213
1.98 226
2 233
2.02 231
2.04 213
2.06 212
2.08 199
2.1 194
2.12 190
2.14 175
2.16 173
2.18 164
2.2 161
2.22 155
2.24 151
2.26 146
2.28 144
2.3 145
2.32 136
2.34 131
2.36 136
2.38 118
2.4 129
2.42 115
2.44 115
2.46 100
2.48 101
2.5 89
2.52 86
2.54 71
2.56 74
2.58 58
2.6 66
2.62 60
2.64 62
2.66 59
2.68 55
2.7 54
2.72 50
2.74 50
2.76 54
2.78 49
2.8 52
2.82 53
2.84 56
2.86 48
2.88 49
2.9 45
2.92 49
2.94 46
2.96 42
2.98 42
3 39
3.02 40
3.04 33
3.06 32
3.08 31
3.1 31
3.12 27
3.14 26
3.16 21
3.18 23
3.2 21
3.22 19
3.24 12
3.26 9
3.28 8
3.3 8
3.32 7
3.34 7
3.36 6
3.38 7
3.4 5
3.42 7
3.44 5
3.46 5
3.48 5
3.5 5
3.52 5
3.54 5
3.56 4
3.58 4
3.6 3
3.62 3
3.64 2
3.66 2
3.68 1
3.7 0
3.72 0
3.74 0
3.76 0
3.78 0
3.8 0
3.82 0
3.84 0
3.86 0
3.88 0
3.9 0
3.92 0
3.94 0
3.96 0
3.98 0
