0 0
0.02 0
0.04 0
0.06 0
0.08 0
0.1 0
0.12 0
0.14 0
0.16 0
0.18 0
0.2 0
0.22 0
0.24 0
0.26 0
0.28 0
0.3 0
0.32 0
0.34 0
0.36 0
0.38 0
0.4 0
0.42 0
0.44 0
0.46 0
0.48 0
0.5 0
0.52 0
0.54 0
0.56 0
0.58 0
0.6 0
0.62 0
0.64 0
0.66 0
0.68 0
0.7 0
0.72 0
0.74 0
0.76 0
0.78 0
0.8 0
0.82 0
0.84 0
0.86 0
0.88 0
0.9 0
0.92 0
0.94 0
0.96 0
0.98 0
1 3261
1.02 3401
1.04 3566
1.06 3723
1.08 3894
1.1 4062
1.12 4227
1.14 4358
1.16 4488
1.18 4614
1.2 4718
1.22 4805
1.24 4873
1.26 4924
1.28 4964
1.3 4999
1.32 5030
1.34 5052
1.36 5076
1.38 5104
1.4 5118
1.42 5149
1.44 5178
1.46 5195
1.48 5218
1.5 5238
1.52 5260
1.54 5279
1.56 5298
1.58 5321
1.6 5338
1.62 5356
1.64 5376
1.66 5394
1.68 5412
1.7 5431
1.72 5450
1.74 5466
1.76 5484
1.78 5502
1.8 5521
1.82 5539
1.84 5557
1.86 5577
1.88 5595
1.9 5614
1.92 5633
1.94 5654
1.96 5674
1.98 5694
2 5715
2.02 5735
2.04 5757
2.06 5776
2.08 5797
2.1 5817
2.12 5839
2.14 5863
2.16 5884
2.18 5905
2.2 5927
2.22 5946
2.24 5966
2.26 5989
2.28 6009
2.3 6025
2.32 6042
2.34 6061
2.36 6074
2.38 6085
2.4 6095
2.42 6108
2.44 6122
2.46 6129
2.48 6135
2.5 6140
2.52 6147
2.54 6151
2.56 6153
2.58 6154
2.6 6154
2.62 6155
2.64 6156
2.66 6156
2.68 6156
2.7 6156
2.72 6156
2.74 6157
2.76 6157
2.78 6157
2.8 6157
2.82 6157
2.84 6157
2.86 6157
2.88 6157
2.9 6157
2.92 6157
2.94 6157
2.96 6157
2.98 6157
