0 0
0.02 0
0.04 0
0.06 0
0.08 0
0.1 0
0.12 0
0.14 0
0.16 0
0.18 0
0.2 0
0.22 0
0.24 0
0.26 0
0.28 0
0.3 0
0.32 0
0.34 0
0.36 0
0.38 0
0.4 0
0.42 0
0.44 0
0.46 0
0.48 0
0.5 0
0.52 0
0.54 0
0.56 0
0.58 0
0.6 0
0.62 0
0.64 0
0.66 0
0.68 0
0.7 0
0.72 0
0.74 0
0.76 0
0.78 0
0.8 0
0.82 0
0.84 0
0.86 0
0.88 0
0.9 0
0.92 0
0.94 0
0.96 0
0.98 0
1 7534
1.02 10128
1.04 13347
1.06 16230
1.08 18289
1.1 19576
1.12 20477
1.14 21150
1.16 21801
1.18 22324
1.2 22691
1.22 22965
1.24 23177
1.26 23332
1.28 23449
1.3 23537
1.32 23613
1.34 23676
1.36 23726
1.38 23768
1.4 23816
1.42 23849
1.44 23878
1.46 23900
1.48 23931
1.5 23952
1.52 23972
1.54 23987
1.56 24009
1.58 24024
1.6 24036
1.62 24052
1.64 24066
1.66 24078
1.68 24090
1.7 24100
1.72 24107
1.74 24117
1.76 24127
1.78 24135
1.8 24142
1.82 24151
1.84 24157
1.86 24164
1.88 24167
1.9 24173
1.92 24177
1.94 24183
1.96 24186
1.98 24189
2 24191
2.02 24194
2.04 24198
2.06 24200
2.08 24203
2.1 24205
2.12 24208
2.14 24211
2.16 24213
2.18 24216
2.2 24217
2.22 24218
2.24 24221
2.26 24223
2.28 24225
2.3 24226
2.32 24228
2.34 24231
2.36 24231
2.38 24232
2.4 24234
2.42 24235
2.44 24238
2.46 24238
2.48 24241
2.5 24241
2.52 24242
2.54 24244
2.56 24244
2.58 24246
2.6 24246
2.62 24247
2.64 24249
2.66 24249
2.68 24251
2.7 24252
2.72 24252
2.74 24253
2.76 24254
2.78 24255
2.8 24256
2.82 24256
2.84 24257
2.86 24258
2.88 24259
2.9 24259
2.92 24260
2.94 24261
2.96 24261
2.98 24262
3 24262
3.02 24263
3.04 24263
3.06 24263
3.08 24264
3.1 24264
3.12 24264
3.14 24265
3.16 24266
3.18 24266
3.2 24267
3.22 24267
3.24 24268
3.26 24268
3.28 24269
3.3 24269
3.32 24270
3.34 24271
3.36 24271
3.38 24271
3.4 24272
3.42 24272
3.44 24272
3.46 24273
3.48 24273
3.5 24273
3.52 24274
3.54 24274
3.56 24274
3.58 24275
3.6 24275
3.62 24275
3.64 24275
3.66 24276
3.68 24276
3.7 24277
3.72 24277
3.74 24277
3.76 24277
3.78 24278
3.8 24278
3.82 24278
3.84 24278
3.86 24278
3.88 24278
3.9 24278
3.92 24278
3.94 24278
3.96 24278
3.98 24278
