0 0
0.02 0
0.04 0
0.06 0
0.08 0
0.1 0
0.12 0
0.14 0
0.16 0
0.18 0
0.2 0
0.22 0
0.24 0
0.26 0
0.28 0
0.3 0
0.32 0
0.34 0
0.36 0
0.38 0
0.4 0
0.42 0
0.44 0
0.46 0
0.48 0
0.5 0
0.52 0
0.54 0
0.56 0
0.58 0
0.6 0
0.62 0
0.64 0
0.66 0
0.68 0
0.7 0
0.72 0
0.74 0
0.76 0
0.78 0
0.8 0
0.82 0
0.84 0
0.86 0
0.88 0
0.9 0
0.92 0
0.94 0
0.96 0
0.98 0
1 7027
1.02 665
1.04 615
1.06 589
1.08 568
1.1 503
1.12 422
1.14 336
1.16 290
1.18 255
1.2 195
1.22 179
1.24 152
1.26 129
1.28 104
1.3 98
1.32 136
1.34 141
1.36 126
1.38 129
1.4 100
1.42 130
1.44 121
1.46 108
1.48 96
1.5 93
1.52 92
1.54 85
1.56 81
1.58 74
1.6 72
1.62 70
1.64 64
1.66 59
1.68 60
1.7 53
1.72 54
1.74 45
1.76 50
1.78 45
1.8 39
1.82 41
1.84 36
1.86 37
1.88 29
1.9 34
1.92 29
1.94 26
1.96 25
1.98 23
2 23
2.02 19
2.04 19
2.06 15
2.08 17
2.1 13
2.12 14
2.14 14
2.16 11
2.18 11
2.2 9
2.22 8
2.24 7
2.26 4
2.28 3
2.3 3
2.32 0
2.34 0
2.36 0
2.38 0
2.4 0
2.42 0
2.44 0
2.46 0
2.48 0
2.5 0
2.52 0
2.54 0
2.56 0
2.58 0
2.6 0
2.62 0
2.64 0
2.66 0
2.68 0
2.7 0
2.72 0
2.74 0
2.76 0
2.78 0
2.8 0
2.82 0
2.84 0
2.86 0
2.88 0
2.9 0
2.92 0
2.94 0
2.96 0
2.98 0
