0 0
0.02 0
0.04 0
0.06 0
0.08 0
0.1 0
0.12 0
0.14 0
0.16 0
0.18 0
0.2 0
0.22 0
0.24 0
0.26 0
0.28 0
0.3 0
0.32 0
0.34 0
0.36 0
0.38 0
0.4 0
0.42 0
0.44 0
0.46 0
0.48 0
0.5 0
0.52 0
0.54 0
0.56 0
0.58 0
0.6 0
0.62 0
0.64 0
0.66 0
0.68 0
0.7 0
0.72 0
0.74 0
0.76 0
0.78 0
0.8 0
0.82 0
0.84 0
0.86 0
0.88 0
0.9 0
0.92 0
0.94 0
0.96 0
0.98 0
1 6689.88
1.02 8985.76
1.04 11825.5
1.06 14360.6
1.08 16165.2
1.1 17289.5
1.12 18074
1.14 18658.1
1.16 19221.3
1.18 19672.2
1.2 19987.6
1.22 20222.3
1.24 20403.3
1.26 20535.2
1.28 20634.5
1.3 20708.9
1.32 20772.9
1.34 20825.8
1.36 20867.6
1.38 20902.7
1.4 20942.6
1.42 20969.9
1.44 20993.9
1.46 21012
1.48 21037.5
1.5 21054.6
1.52 21070.9
1.54 21083.1
1.56 21100.9
1.58 21113
1.6 21122.7
1.62 21135.5
1.64 21146.7
1.66 21156.3
1.68 21165.8
1.7 21173.7
1.72 21179.2
1.74 21187.1
1.76 21194.9
1.78 21201.1
1.8 21206.6
1.82 21213.6
1.84 21218.2
1.86 21223.6
1.88 21225.9
1.9 21230.5
1.92 21233.5
1.94 21238.1
1.96 21240.4
1.98 21242.6
2 21244.1
2.02 21246.4
2.04 21249.4
2.06 21250.8
2.08 21253.1
2.1 21254.6
2.12 21256.8
2.14 21259
2.16 21260.4
2.18 21262.6
2.2 21263.3
2.22 21264.1
2.24 21266.2
2.26 21267.7
2.28 21269.1
2.3 21269.8
2.32 21271.2
2.34 21273.4
2.36 21273.4
2.38 21274.1
2.4 21275.5
2.42 21276.2
2.44 21278.3
2.46 21278.3
2.48 21280.4
2.5 21280.4
2.52 21281
2.54 21282.4
2.56 21282.4
2.58 21283.8
2.6 21283.8
2.62 21284.5
2.64 21285.8
2.66 21285.8
2.68 21287.1
2.7 21287.8
2.72 21287.8
2.74 21288.5
2.76 21289.1
2.78 21289.8
2.8 21290.4
2.82 21290.4
2.84 21291.1
2.86 21291.7
2.88 21292.4
2.9 21292.4
2.92 21293
2.94 21293.7
2.96 21293.7
2.98 21294.3
3 21294.3
3.02 21294.9
3.04 21294.9
3.06 21294.9
3.08 21295.6
3.1 21295.6
3.12 21295.6
3.14 21296.2
3.16 21296.8
3.18 21296.8
3.2 21297.4
3.22 21297.4
3.24 21298
3.26 21298
3.28 21298.6
3.3 21298.6
3.32 21299.2
3.34 21299.8
3.36 21299.8
3.38 21299.8
3.4 21300.4
3.42 21300.4
3.44 21300.4
3.46 21301
3.48 21301
3.5 21301
3.52 21301.5
3.54 21301.5
3.56 21301.5
3.58 21302.1
3.6 21302.1
3.62 21302.1
3.64 21302.1
3.66 21302.7
3.68 21302.7
3.7 21303.2
3.72 21303.2
3.74 21303.2
3.76 21303.2
3.78 21303.8
3.8 21303.8
3.82 21303.8
3.84 21303.8
3.86 21303.8
3.88 21303.8
3.9 21303.8
3.92 21303.8
3.94 21303.8
3.96 21303.8
3.98 21303.8
