0 0
0.02 0
0.04 0
0.06 0
0.08 0
0.1 0
0.12 0
0.14 0
0.16 0
0.18 0
0.2 0
0.22 0
0.24 0
0.26 0
0.28 0
0.3 0
0.32 0
0.34 0
0.36 0
0.38 0
0.4 0
0.42 0
0.44 0
0.46 0
0.48 0
0.5 0
0.52 0
0.54 0
0.56 0
0.58 0
0.6 0
0.62 0
0.64 0
0.66 0
0.68 0
0.7 0
0.72 0
0.74 0
0.76 0
0.78 0
0.8 0
0.82 0
0.84 0
0.86 0
0.88 0
0.9 0
0.92 0
0.94 0
0.96 0
0.98 0
1 6354
1.02 6849
1.04 7332
1.06 7855
1.08 8377
1.1 8861
1.12 9315
1.14 9733
1.16 10120
1.18 10466
1.2 10764
1.22 11039
1.24 11273
1.26 11480
1.28 11689
1.3 11889
1.32 12084
1.34 12267
1.36 12420
1.38 12561
1.4 12677
1.42 12843
1.44 13027
1.46 13227
1.48 13411
1.5 13584
1.52 13755
1.54 13914
1.56 14059
1.58 14207
1.6 14346
1.62 14477
1.64 14603
1.66 14721
1.68 14838
1.7 14946
1.72 15048
1.74 15145
1.76 15238
1.78 15327
1.8 15406
1.82 15488
1.84 15559
1.86 15627
1.88 15693
1.9 15757
1.92 15814
1.94 15862
1.96 15910
1.98 15955
2 15993
2.02 16029
2.04 16063
2.06 16090
2.08 16121
2.1 16150
2.12 16177
2.14 16201
2.16 16223
2.18 16245
2.2 16264
2.22 16283
2.24 16298
2.26 16314
2.28 16328
2.3 16339
2.32 16349
2.34 16357
2.36 16362
2.38 16364
2.4 16364
2.42 16364
2.44 16364
2.46 16364
2.48 16364
2.5 16364
2.52 16364
2.54 16364
2.56 16364
2.58 16364
2.6 16364
2.62 16364
2.64 16364
2.66 16364
2.68 16364
2.7 16364
2.72 16364
2.74 16364
2.76 16364
2.78 16364
2.8 16364
2.82 16364
2.84 16364
2.86 16364
2.88 16364
2.9 16364
2.92 16364
2.94 16364
2.96 16364
2.98 16364
