0 0
0.02 0
0.04 0
0.06 0
0.08 0
0.1 0
0.12 0
0.14 0
0.16 0
0.18 0
0.2 0
0.22 0
0.24 0
0.26 0
0.28 0
0.3 0
0.32 0
0.34 0
0.36 0
0.38 0
0.4 0
0.42 0
0.44 0
0.46 0
0.48 0
0.5 0
0.52 0
0.54 0
0.56 0
0.58 0
0.6 0
0.62 0
0.64 0
0.66 0
0.68 0
0.7 0
0.72 0
0.74 0
0.76 0
0.78 0
0.8 0
0.82 0
0.84 0
0.86 0
0.88 0
0.9 0
0.92 0
0.94 0
0.96 0
0.98 0
1 3276
1.02 3516
1.04 3783
1.06 4025
1.08 4293
1.1 4566
1.12 4876
1.14 5188
1.16 5549
1.18 5893
1.2 6195
1.22 6612
1.24 7007
1.26 7384
1.28 7698
1.3 7962
1.32 8156
1.34 8315
1.36 8485
1.38 8634
1.4 8727
1.42 8874
1.44 9004
1.46 9125
1.48 9246
1.5 9374
1.52 9519
1.54 9706
1.56 9912
1.58 10132
1.6 10349
1.62 10572
1.64 10813
1.66 11077
1.68 11354
1.7 11633
1.72 11935
1.74 12243
1.76 12535
1.78 12811
1.8 13061
1.82 13282
1.84 13496
1.86 13701
1.88 13901
1.9 14095
1.92 14309
1.94 14512
1.96 14725
1.98 14951
2 15184
2.02 15415
2.04 15628
2.06 15840
2.08 16039
2.1 16233
2.12 16423
2.14 16598
2.16 16771
2.18 16935
2.2 17096
2.22 17251
2.24 17402
2.26 17548
2.28 17692
2.3 17837
2.32 17973
2.34 18104
2.36 18240
2.38 18358
2.4 18487
2.42 18602
2.44 18717
2.46 18817
2.48 18918
2.5 19007
2.52 19093
2.54 19164
2.56 19238
2.58 19296
2.6 19362
2.62 19422
2.64 19484
2.66 19543
2.68 19598
2.7 19652
2.72 19702
2.74 19752
2.76 19806
2.78 19855
2.8 19907
2.82 19960
2.84 20016
2.86 20064
2.88 20113
2.9 20158
2.92 20207
2.94 20253
2.96 20295
2.98 20337
3 20376
3.02 20416
3.04 20449
3.06 20481
3.08 20512
3.1 20543
3.12 20570
3.14 20596
3.16 20617
3.18 20640
3.2 20661
3.22 20680
3.24 20692
3.26 20701
3.28 20709
3.3 20717
3.32 20724
3.34 20731
3.36 20737
3.38 20744
3.4 20749
3.42 20756
3.44 20761
3.46 20766
3.48 20771
3.5 20776
3.52 20781
3.54 20786
3.56 20790
3.58 20794
3.6 20797
3.62 20800
3.64 20802
3.66 20804
3.68 20805
3.7 20805
3.72 20805
3.74 20805
3.76 20805
3.78 20805
3.8 20805
3.82 20805
3.84 20805
3.86 20805
3.88 20805
3.9 20805
3.92 20805
3.94 20805
3.96 20805
3.98 20805
