1.1 193.937
1.2 194.796
1.3 195.642
1.4 196.473
1.5 197.291
1.6 198.095
1.7 198.886
1.8 199.664
1.9 200.429
2 702.755
2.1 703.494
2.2 704.221
2.3 704.935
2.4 705.638
2.5 706.328
2.6 707.006
2.7 707.673
2.8 708.328
2.9 708.972
3 866.471
3.1 867.093
3.2 867.703
3.3 868.303
3.4 868.892
3.5 869.471
3.6 870.039
3.7 870.597
3.8 871.145
3.9 871.683
4 959.934
4.1 960.453
4.2 960.963
4.3 961.463
4.4 961.954
4.5 962.435
4.6 962.908
4.7 963.372
4.8 963.828
4.9 964.275
5 964.713
5.1 989.667
5.2 990.089
5.3 990.504
5.4 990.91
5.5 991.308
5.6 991.699
5.7 992.082
5.8 992.458
5.9 992.827
6 993.188
6.1 995.314
6.2 503.705
6.3 503.705
6.4 503.705
6.5 503.705
6.6 503.705
6.7 503.705
6.8 503.705
6.9 503.705
7 503.705
7.1 913.908
