40
40
39.4142
39
39
39
39
39
39
39.2426
38.8284
38.4142
38
38
38.2426
37
37
37.6569
37.2426
36
36.6569
35
35.4142
36.0711
35.6569
34.4142
35.0711
33.4142
34.0711
32.4142
33.0711
31.4142
32.0711
30.4142
31.0711
29.4142
30.0711
29.6569
28.4142
28.6569
27.4142
27.6569
26.4142
26.6569
25
25.4142
25.6569
25.2426
24
24.2426
23
23.2426
22
22.2426
21.8284
21
20.8284
20
19.8284
19
18.8284
18.4142
18
17.4142
17
16.4142
16
16
15.4142
15
14.4142
14
14
13
13
12
12
12
11
11
10
10
10
10
9
9
9
9
9
9
9
9
8
8
8
8
8
8
8
8
8
7
7
7.41421
7
7
7
7
7
6
6
6.41421
6
6
6
5
5
5
5.82843
5.41421
5
5
5
5
5
4
4
4
4.82843
4
4
4
3
3
3
3
3
3.82843
3.41421
3
3
3
3
3
2
2
2
2
2
2
2
2
2.41421
2
2
2
2
1
1
1
1
1.41421
1
1
1
1
1
1
0
0
0
0
0
0
0
0
0
0
