44.8284
44.4142
44
44.6569
44.2426
43.8284
43.4142
43
43
43
44.0711
43.6569
43.2426
42.8284
42.4142
42
42
42
42
43.4853
43.0711
42.6569
42.2426
41.8284
41.4142
41
41
41
41
42.4853
42.0711
41.6569
41.2426
40.8284
40.4142
40
40
40
40
40
41.4853
41.0711
40.6569
40.2426
39.8284
39.4142
39
39
39
39
39
39
40.4853
40.0711
39.6569
39.2426
38.8284
38.4142
38
38
38
38
38
38
39.4853
39.0711
38.6569
38.2426
37.8284
37.4142
37
37
37
37
37
37
38.4853
38.0711
37.6569
37.2426
36.8284
36.4142
36
36
36
36
36
36
36
37.0711
36.6569
36.2426
35.8284
35.4142
35
35
35
35
35
35
35
36.0711
35.6569
35.2426
34.8284
34.4142
34
34
34
34
34
34
34
35.0711
34.6569
34.2426
33.8284
33.4142
33
33
33
33
33
33
33
33.6569
33.2426
32.8284
32.4142
32
32
32
32
32
32
32
32
32.6569
32.2426
31.8284
31.4142
31
31
31
31
31
31
31
31
31.2426
30.8284
30.4142
30
30
30
30
30
30
30
30
30.2426
29.8284
29.4142
29
29
29
29
29
29
29
29
29.2426
28.8284
28.4142
28
28
28
28
28
28
28
28
27.8284
27.4142
27
27
27
27
27
27
27
27
26.8284
26.4142
26
26
26
26
26
26
26
26
25.8284
25.4142
25
25
25
25
25
25
25
25
25
24.8284
24.4142
24
24
24
24
24
24
24
24
24
23.8284
23.4142
23
23
23
23
23
23
23
23
23
22.8284
22.4142
22
22
22
22
22
22
22
22
22
21.8284
21.4142
21
21
21
21
21
21
21
21
21
20.8284
20.4142
20
20
20
20
20
20
20
20
20
19.8284
19.4142
19
19
19
19
19
19
19
19
19
18.8284
18.4142
18
18
18
18
18
18
18
18
18
17.8284
17.4142
17
17
17
17
17
17
17
17
17
16.8284
16.4142
16
16
16
16
16
16
16
16
16
15.8284
15.4142
15
15
15
15
15
15
15
15
15
14.4142
14
14
14
14
14
14
14
14
14
13.4142
13
13
13
13
13
13
13
13
13
12.4142
12
12
12
12
12
12
12
12
12
11
11
11
11.4142
11
11
11
11
11
11
11
11
11
10.8284
10.4142
10
10
10
10
10
10
10.4142
10
10
10
10
10
10
10
10
10
10.2426
9.82843
9.41421
9
9
9
9
9
9
9
9.41421
9
9
9
9
9
9
9
9
9
9
9.65685
9.24264
8.82843
8.41421
8
8
8
8
8
8
8
8
8
8
8
8
8
8
8
8
8
8
8
8.65685
8.24264
7.82843
7.41421
7
7
7
7
7
7
7
7
7
7
7
7
7
7
7
7
7
7
7
7
6
7.65685
7.24264
6.82843
6.41421
6
6
6
6
6
6
6
6
6
6
6
6
6
6
6
6
6
6
6
6
6
6
5
5
5
5
5
5
5
5
6.65685
6.24264
5.82843
5.41421
5
5
5
5
5
5
5
5
5
5
5
5
5
5
5
5
5
5
5
5
5
5
5
5
4
4
4
4
4
4
4
4
4
4
4
4
5.65685
5.24264
4.82843
4.41421
4
4
4
4
4
4
4
4
4
4
4
4
4
4
4
4
4
4
4
4
4
4
4
4
4
3
3
3
3
3
3
3
3
3
3
3
3
3
3
3
3
3
3
4.24264
3.82843
3.41421
3
3
3
3
3
3
3
3
3
3
3
3
3
3
3
3
3
3
3
3
3
3
3
3
3
3
3
2
2
2
2
2
2
2
2
2
2
2
2
2
2
2
2
2
2
2
2
2
2
2
2
2
3.82843
2.82843
2.41421
2
2
2
2
2
2
2
2
2
2
2
2
2
2
2
2
2
2
2
2
2
2
2
2
2
2
2
2
2
1
1
1
1
1
1
1
1
1
1
1
1
1
1
1
1
1
1
1
1
1
1
1
1
1
2.41421
1.41421
1
1
1
1
1
1
1
1
1
1
1
1
1
1
1
1
1
1
1
1
1
1
1
1
1
1
1
1
1
1
1
1
1
0
0
0
0
0
0
0
0
0
0
0
0
0
0
0
0
0
0
0
0
0
0
0
0
0
0
0
0
0
0
0
0
0
0
0
0
0
0
0
0
0
0
0
0
0
0
0
0
0
0
0
0
0
0
0
0
0
0
0
0
0
0
0
0
