131.397
129.983
130.397
128.569
128.983
127.154
127.569
125.326
125.74
126.154
123.912
124.326
130.983
131.983
132.983
122.083
122.498
122.912
127.569
128.569
129.569
130.569
120.255
120.669
121.083
125.154
126.154
127.154
118.841
119.255
123.74
124.74
117.426
117.841
121.326
122.326
123.326
116.012
116.426
119.912
120.912
114.598
115.012
117.498
118.498
119.498
113.184
113.598
116.083
117.083
111.77
112.184
114.255
114.669
115.669
110.355
110.77
112.841
113.255
108.941
109.355
111.426
111.841
107.527
107.941
110.012
110.426
106.113
106.527
109.012
177.853
178.267
178.681
179.096
105.113
107.598
108.012
176.024
176.439
176.853
178.096
178.51
103.699
104.113
106.598
175.024
177.51
177.924
102.284
102.699
105.184
105.598
173.61
174.024
176.924
101.284
104.184
172.196
172.61
175.924
99.8701
100.284
103.184
171.196
174.924
98.4559
98.8701
101.77
102.77
169.782
170.196
173.51
173.924
102.841
102.426
102.012
101.598
97.4559
101.355
168.782
172.096
172.51
102.255
101.841
100.598
100.184
96.0416
96.4559
100.941
167.368
167.782
170.681
171.096
102.841
101.841
99.1838
98.7696
94.6274
95.0416
99.5269
100.527
166.368
169.267
169.681
102.426
97.7696
97.3554
93.2132
93.6274
99.1127
164.953
165.368
167.853
168.267
103.012
102.012
96.3554
95.9412
95.5269
91.799
92.2132
97.6985
98.6985
163.539
163.953
166.439
166.853
102.598
94.5269
94.1127
93.6985
93.2843
92.8701
92.4559
92.0416
91.6274
91.2132
90.799
95.2843
96.2843
97.2843
168.752
168.338
167.924
167.51
162.125
162.539
165.024
165.439
103.184
102.184
92.8701
93.8701
94.8701
106.426
166.51
166.096
165.681
165.267
160.711
161.125
163.61
164.024
102.77
90.4559
91.4559
92.4559
103.012
104.012
105.012
106.012
164.267
163.853
159.297
159.711
162.61
103.355
102.355
88.6274
89.0416
90.0416
101.598
102.598
162.853
162.439
157.882
158.297
161.196
162.196
103.941
102.941
100.941
99.9412
98.9412
97.9412
96.9412
95.9412
94.9412
93.9412
92.9412
91.9412
90.9412
87.2132
87.6274
99.1838
100.184
101.184
161.439
161.024
156.468
156.882
159.782
160.782
107.355
106.355
105.355
104.355
102.355
101.355
90.5269
89.5269
85.799
86.2132
97.7696
98.7696
160.024
159.61
155.054
155.468
158.368
159.368
108.77
107.77
102.77
89.1127
88.1127
87.6985
84.799
95.3554
96.3554
97.3554
158.61
158.196
154.468
154.054
156.953
157.953
111.184
110.184
109.184
104.184
103.77
86.6985
86.2843
83.799
86.2843
86.6985
87.1127
87.5269
87.9412
88.9412
89.9412
90.9412
91.9412
92.9412
93.9412
94.9412
165.853
164.853
163.853
162.853
161.853
157.196
156.782
156.368
154.297
153.882
153.468
155.125
155.539
156.539
111.598
105.184
85.2843
84.8701
82.799
84.4559
84.8701
85.2843
100.527
101.527
102.527
103.527
161.439
160.439
155.368
154.953
154.539
154.125
153.711
153.297
153.711
154.125
113.012
112.012
106.598
106.184
83.8701
83.4559
81.799
83.0416
83.4559
99.1127
100.113
160.024
159.024
158.024
152.297
152.711
114.426
113.426
107.598
82.4559
80.799
80.3848
81.6274
82.0416
98.6985
157.61
156.61
150.882
151.297
114.841
109.012
108.598
81.4559
81.0416
79.3848
80.2132
80.6274
98.2843
156.196
155.196
154.196
149.468
149.882
116.255
115.255
110.012
80.0416
78.3848
77.9706
77.5564
78.3848
78.799
79.2132
97.8701
153.782
152.782
148.468
116.669
111.426
111.012
110.669
110.255
109.841
109.426
79.0416
78.6274
76.5564
76.1421
76.5564
76.9706
77.3848
97.4559
152.368
151.368
150.368
147.468
118.083
117.083
112.841
112.426
110.083
109.669
108.426
108.012
107.598
77.6274
84.0416
85.0416
86.0416
87.0416
88.0416
89.0416
90.0416
97.0416
149.953
148.953
146.054
146.468
118.498
113.841
109.498
109.083
106.598
76.6274
77.6274
78.6274
79.6274
80.6274
81.6274
82.6274
83.6274
90.4559
91.4559
92.4559
97.4559
98.4559
148.539
147.539
145.054
118.912
115.255
114.841
108.498
105.598
105.184
75.6274
75.2132
74.799
75.2132
76.2132
77.2132
92.8701
93.8701
94.8701
98.8701
99.8701
147.125
146.125
144.054
119.326
116.255
107.912
107.498
104.184
74.2132
73.3848
73.799
95.2843
96.2843
100.284
101.284
145.711
144.711
143.054
120.74
119.74
117.669
117.255
106.912
103.184
73.2132
71.9706
72.3848
96.6985
97.6985
101.699
102.699
144.297
142.054
141.64
121.154
118.669
105.912
102.184
72.2132
70.5564
70.9706
98.1127
99.1127
143.882
142.882
140.64
122.154
119.669
105.326
104.912
101.184
71.2132
69.5564
99.5269
100.527
142.468
139.64
123.154
121.083
120.669
104.326
100.184
70.2132
69.799
68.1421
68.5564
100.941
101.941
142.054
138.64
124.154
122.083
104.912
103.912
99.1838
68.799
67.1421
53.9706
53.5564
53.1421
52.7279
52.3137
102.355
103.355
141.64
137.64
137.225
125.154
123.498
123.083
104.498
98.1838
67.799
66.1421
53.3848
52.9706
51.3137
50.8995
50.4853
103.77
141.225
136.225
126.569
126.154
124.498
105.083
104.083
97.1838
96.7696
66.799
65.1421
52.799
52.3848
49.4853
49.0711
104.77
105.184
140.811
135.811
134.811
127.983
127.569
125.912
125.498
104.669
95.7696
65.799
64.1421
63.7279
53.3848
52.3848
48.0711
47.6569
106.184
140.397
134.397
133.397
132.397
131.397
130.397
129.397
128.983
126.912
104.255
94.7696
64.799
62.7279
52.9706
46.6569
46.2426
140.811
128.326
127.912
103.841
99.8407
98.8407
97.8407
96.8407
95.8407
95.4264
93.7696
63.799
61.7279
53.5564
52.5564
45.2426
44.8284
141.225
129.326
104.255
103.255
102.255
101.255
100.255
94.4264
92.7696
62.799
60.7279
60.3137
53.1421
52.1421
43.8284
141.64
140.64
130.74
130.326
93.4264
93.0122
91.7696
91.3554
61.799
59.3137
51.7279
42.8284
42.4142
141.054
131.74
92.0122
90.3554
60.799
58.3137
57.8995
51.3137
50.3137
41.4142
141.468
132.74
91.4264
91.0122
89.3554
59.799
56.8995
49.8995
48.8995
40.4142
141.882
140.882
134.154
133.74
90.4264
88.3554
58.799
55.8995
48.4853
47.4853
46.4853
45.4853
44.4853
43.4853
42.4853
41.4853
41.0711
39.4142
39.8284
141.297
140.297
135.569
135.154
89.8407
89.4264
87.3554
57.799
54.8995
40.0711
39.6569
38.8284
140.711
140.297
136.983
136.569
88.8407
86.3554
56.799
53.8995
38.6569
38.2426
37.8284
141.297
140.882
138.397
137.983
88.2549
87.8407
85.3554
55.799
52.8995
37.2426
36.8284
37.2426
141.882
141.468
141.054
140.64
140.225
139.811
139.397
87.6691
87.2549
84.3554
55.3848
51.8995
36.2426
36.2426
86.6691
83.3554
54.9706
50.8995
35.2426
35.2426
35.6569
85.6691
82.3554
54.5564
49.8995
34.2426
34.6569
84.6691
81.3554
54.1421
48.8995
34.0711
33.6569
33.2426
33.6569
34.0711
83.6691
83.2549
80.3554
53.7279
52.7279
47.8995
34.3137
33.8995
33.4853
33.0711
33.0711
33.4853
82.2549
79.3554
52.3137
46.8995
36.3137
35.3137
34.3137
33.3137
32.4853
81.2549
80.8407
78.3554
51.8995
45.8995
36.8995
35.8995
31.4853
31.8995
79.8407
77.3554
51.4853
45.4853
44.4853
37.4853
36.4853
30.8995
78.8407
78.4264
76.3554
51.0711
50.0711
44.0711
43.0711
42.0711
41.0711
40.0711
39.0711
38.0711
37.0711
29.8995
30.3137
77.4264
75.3554
49.6569
35.6569
34.6569
33.6569
32.6569
31.6569
30.6569
29.6569
28.6569
27.6569
27.2426
76.4264
74.3554
50.0711
49.0711
38.0711
37.0711
36.0711
26.2426
25.8284
75.4264
73.3554
72.9412
49.4853
39.4853
38.4853
24.8284
24.4142
75.0122
71.9412
49.8995
48.8995
39.8995
23.4142
75.598
74.598
70.9412
49.3137
48.3137
41.3137
40.8995
22.4142
77.1838
76.1838
75.1838
69.9412
48.7279
42.3137
21.4142
79.7696
78.7696
77.7696
76.7696
68.9412
49.1421
43.3137
20.8284
20.4142
22.8995
23.8995
81.3554
80.3554
79.3554
67.9412
67.5269
49.5564
48.5564
44.3137
19.8284
21.0711
21.4853
22.4853
80.9412
66.5269
48.9706
45.3137
19.2426
18.8284
19.6569
20.0711
81.5269
80.5269
65.5269
49.3848
46.3137
19.0711
18.6569
18.2426
18.2426
18.6569
81.1127
80.1127
65.1127
64.1127
50.799
49.799
47.3137
18.8995
18.4853
18.0711
16.8284
17.2426
79.6985
78.6985
63.6985
62.6985
51.2132
48.7279
48.3137
18.3137
17.8995
15.8284
78.2843
77.2843
76.2843
75.2843
74.2843
73.2843
72.2843
71.2843
70.2843
69.2843
68.2843
62.2843
61.2843
52.6274
52.2132
49.7279
17.7279
17.3137
14.4142
14.8284
17.5563
17.1421
16.7279
16.3137
67.8701
66.8701
65.8701
60.8701
59.8701
54.0416
53.6274
50.7279
17.7279
16.7279
13.4142
17.9706
16.9706
16.5563
15.3137
14.8995
65.4559
64.4559
63.4559
59.4559
58.4559
57.4559
56.4559
55.4559
55.0416
51.7279
17.3137
12.4142
12
17.5563
13.8995
13.4853
63.8701
62.8701
52.7279
16.8995
11
10
10
18.1421
17.1421
12.4853
12.0711
63.2843
54.1421
53.7279
16.4853
10
10
9
9
9
9
9
9
9.41421
9.82843
17.7279
11.0711
63.6985
62.6985
55.5564
55.1421
16.0711
15.0711
9
9
8
8
8.82843
9.24264
17.3137
10.0711
9.65685
63.1127
62.1127
56.5564
14.6569
13.6569
8
8
8
8
7
7
7
8.24264
8.65685
16.8995
15.8995
14.8995
8.65685
8.24264
7.82843
7.41421
7
7
7
62.5269
62.1127
61.6985
58.3848
57.9706
57.5564
13.2426
12.2426
11.2426
7
7
6
6
7.65685
14.4853
13.4853
12.4853
11.4853
6.41421
6
6
6
6
6
6
6
62.6985
62.2843
61.8701
60.2132
59.799
59.3848
10.8284
9.82843
8.82843
7.82843
6.82843
5
5
6.65685
11.0711
10.0711
9.07107
8.07107
5
5
62.8701
62.4559
62.0416
61.6274
61.2132
6.41421
5.41421
5
4
4
5.24264
5.65685
7.65685
6.65685
5.65685
4
4
4
4
3
3
3.82843
4.24264
5.24264
4.24264
3
3
2
2
2
2.41421
2.82843
3.82843
2.82843
2
2
2
2
2
2
2
1
1
1
1
1.41421
2.41421
1.41421
1
1
1
1
1
1
1
1
0
0
0
0
0
0
0
0
0
0
0
0
0
