44.8284
44.4142
44
44.6569
44.2426
43.8284
43
43
43
44.0711
43.6569
42
42
43.4853
43.0711
41
42.4853
40
40
41.4853
39
39
40.4853
38
39.4853
37
38.4853
38.0711
36
36
37.0711
35
36.0711
34
35.0711
34.6569
33
33.6569
32
32
32.6569
32.2426
31
31.2426
30
30.2426
29
29.2426
28.8284
28
27.8284
27
26.8284
26
25.8284
25
25
24.8284
24
23.8284
23
22.8284
22
21.8284
21
20.8284
20
19.8284
19
18.8284
18
17.8284
17
16.8284
16
15.8284
15.4142
15
14.4142
14
13.4142
13
12.4142
12
11
11
11
11.4142
11
10.8284
10.4142
10
10
10
10
10
10.4142
10
10.2426
9.82843
9
9
9.41421
9
9
9
9.65685
9.24264
8
8
8
8
8
8.65685
7
7
7
7
6
7.65685
6
6
6
6
6
5
5
5
5
5
5
5
5
6.65685
5
5
5
5
4
4
4
4
4
4
4
5.65685
5.24264
4
4
4
3
3
3
3
3
3
3
3
3
4.24264
3
3
3
3
2
2
2
2
2
2
2
2
2
2
3.82843
2.82843
2
2
2
2
1
2.41421
1.41421
1
1
1
1
1
1
1
0
0
0
0
0
0
0
0
0
0
