1
1
1
1.01183
1.02367
1
1
1
1
1
1
1.01218
1.02437
1
1
1
1
1
1
1
1.01255
1.0251
1
1
1
1
1
1
1
1
1.01294
1.02589
1
1
1
1
1
1
1
1
1
1.01336
1.02672
1
1
1
1
1
1
1
1
1
1
1.01381
1.02761
1.01428
1
1
1
1
1
1
1
1
1
1
1.01428
1.02857
1.01479
1
1
1
1
1
1
1
1
1
1
1.01479
1.02959
1.01534
1
1
1
1
1
1
1
1
1
1
1.01534
1.03068
1.01593
1
1
1
1
1
1
1
1
1
1
1.01593
1.03186
1.03314
1.01657
1
1
1
1
1
1
1
1
1
1
1.01657
1.03314
1.03452
1.01726
1
1
1
1
1
1
1
1
1
1
1.01726
1.03452
1.03602
1.01801
1
1
1
1
1
1
1
1
1
1
1.01801
1.03602
1.03766
1.01883
1
1
1
1
1
1
1
1
1
1
1.01883
1.03766
1.01972
1
1
1
1
1
1
1
1
1
1
1.01972
1.03945
1.02071
1
1
1
1
1
1
1
1
1
1
1.02071
1.04142
1.0218
1
1
1
1
1
1
1
1
1
1
1.0218
1.02301
1
1
1
1
1
1
1
1
1
1
1.02301
1.02437
1
1
1
1
1
1
1
1
1
1
1
1
1
1
1
1
1
1
1
1
1
1
1
1
1
1
1
1
1
1
1
1
1
1
1
1
1
1
1
1
1
1
1
1
1
1
1
1
1
1
1
1
1
1
1
1
1
1
1
1
1
1
1
1
1
1
1
1
1
1
1
1
1
1
1
1
1
1
1
1
1
1
1
1
1
1
1
1
1
1
1
1
1
1
1
1
1
1
1
1
1
1
1
1
1
1
1
1
1
1
1
1
1
1
1
1
1
1
1
1
1
1
1
1
1
1
1
1
1
1
1
1
1
1
1
1
1
1
1
1
1
1
1
1
1
1
1
1
1
1
1
1
1
1
1
1
1
1
1
1
1
1
1
1
1
1
1
1
1
1
1
1
1
1
1
1
1
1
1
1
1
1
1
1
1
1
1
1
1
1
1
1
1
1
1
1
1
1
1
1
1
1
1
1
1
1
1
1
1
1
1
1
1
1
1
1
1
1
1
1
1
1
1
1
1
1
1
1
1
1
1
1
1
1
1
1
1
1
1
1
1
1
1
1
1
1
1
1
1
1
1
1
1
1
1
1
1
1
1
1
1
1
1
1
1
1
1
1
1
1
1
1
1
1
1
1
1
1
1
1
1
1
1
1
1
1.20711
1
1
1
1
1
1
1
1
1
1
1
1
1
1
1
1
1
1
1
1
1
1
1
1
1
1
1
1
1
1
1
1
1
1
1
1
1
1
1
1
1
1
1
1
1
1
1
1
1
1
1
1
1
1
1.41421
1
1
1
1
1
1
1
1
1
1
1
1
1
1
1
1
1
1
1
1
1
1
1
1
1
1
1
1
1
1
1
1
1
1
1
1
1
1
1
1
1
1
1
1
1
1
1
1
1
1
1
1
1
1
1
1
1
1
1
1
1
1
1
1
1
1
1
1
1
1
1
1
1
1
1
1
1
1
1
1
1
1
1
1
1
1
1
1
1
1
1
1
1
1
1
1
1
1
1
1
1
