35
35
35
35.4142
35.8284
34
34
34
34
34
34
34.4142
34.8284
33
33
33
33
33
33
33
33.4142
33.8284
32
32
32
32
32
32
32
32
32.4142
32.8284
31
31
31
31
31
31
31
31
31
31.4142
31.8284
30
30
30
30
30
30
30
30
30
30
30.4142
30.8284
29.4142
29
29
29
29
29
29
29
29
29
29
29.4142
29.8284
28.4142
28
28
28
28
28
28
28
28
28
28
28.4142
28.8284
27.4142
27
27
27
27
27
27
27
27
27
27
27.4142
27.8284
26.4142
26
26
26
26
26
26
26
26
26
26
26.4142
26.8284
25.8284
25.4142
25
25
25
25
25
25
25
25
25
25
25.4142
25.8284
24.8284
24.4142
24
24
24
24
24
24
24
24
24
24
24.4142
24.8284
23.8284
23.4142
23
23
23
23
23
23
23
23
23
23
23.4142
23.8284
22.8284
22.4142
22
22
22
22
22
22
22
22
22
22
22.4142
22.8284
21.4142
21
21
21
21
21
21
21
21
21
21
21.4142
21.8284
20.4142
20
20
20
20
20
20
20
20
20
20
20.4142
20.8284
19.4142
19
19
19
19
19
19
19
19
19
19
19.4142
18.4142
18
18
18
18
18
18
18
18
18
18
18.4142
17.4142
17
17
17
17
17
17
17
17
17
17
16
16
16
16
16
16
16
16
16
16
15
15
15
15
15
15
15
15
15
15
14
14
14
14
14
14
14
14
14
14
13
13
13
13
13
13
13
13
13
13
12
12
12
12
12
12
12
12
12
12
12
11
11
11
11
11
11
11
11
11
11
11
10
10
10
10
10
10
10
10
10
10
10
10
10
9
9
9
9
9
9
9
9
9
9
9
9
9
8
8
8
8
8
8
8
8
8
8
8
8
8
8
7
7
7
7
7
7
7
7
7
7
7
7
7
7
7
7
7
7
7
7
7
7
6
6
6
6
6
6
6
6
6
6
6
6
6
6
6
6
6
6
6
6
6
6
6
6
6
6
5
5
5
5
5
5
5
5
5
5
5
5
5
5
5
5
5
5
5
5
5
5
5
5
5
5
5
5
5
5
5
5
4
4
4
4
4
4
4
4
4
4
4
4
4
4
4
4
4
4
4
4
4
4
4
4
4
4
4
4
4
4
4
4
4
4
4
4
4
3
3
3
3
3
3
3
3
3
3
3
3
3
3
3
3
3
3
3
3
3
3
3
3
3
3
3
3
3
3
3
3
3
3
3
3
3
3
3
3
3
3
2
2
2
2
2
2
2
2
2
2
2
2
2
2
2.41421
2
2
2
2
2
2
2
2
2
2
2
2
2
2
2
2
2
2
2
2
2
2
2
2
2
2
2
2
2
2
2
2
2
2
1
1
1
1
1
1
1
1
1
1
1
1
1
1
1
1
1
1
1
1
1.41421
1
1
1
1
1
1
1
1
1
1
1
1
1
1
1
1
1
1
1
1
1
1
1
1
1
1
1
1
1
1
1
1
1
1
1
1
0
0
0
0
0
0
0
0
0
0
0
0
0
0
0
0
0
0
0
0
0
0
0
0
0
0
0
0
0
0
0
0
0
0
0
0
0
0
0
0
0
0
0
0
0
0
0
0
0
0
0
0
0
0
0
0
0
0
0
0
0
0
0
0
0
