0
0
0
0
0
0
0
0
0
0
0
0
0
0
0
0
0
0
0
0
0
0
0
0
0
0
0
0
0
0
0
0
0
0
0
0
0
0
0
0
0
0
0
0
0
0
0
0
0
0
0
0
0
0
0
0
0
0
0
1
1
1
1
1
1
1
1
2.41421
1.41421
1
1
1
1
1
1
1
1
1
1
1
1
1
1
1
1
1
1
1
1.41421
2.41421
3.41421
4.41421
1
1
1
1
1
1
1
1
1
1
1
1
1
1
1
1
1
1
1
1
1
1
1
3.82843
2.82843
2.41421
2
2
2
2
2
2
2
2
2
2
2
2
2
2
2.41421
2.82843
3.82843
4.82843
5.82843
6.82843
7.82843
2
2
2
2
2
2
2
2
2
2
2
2
2
2
2
2
2
2
5.24264
4.24264
3.82843
3.41421
3
3
3
3
3
3
3
3
3
3
3
3
3.41421
3.82843
4.24264
5.24264
6.24264
7.24264
8.24264
9.24264
10.2426
3
3
3
3
3
3
3
3
3
6.65685
5.65685
5.24264
4.82843
4.41421
4
4
4
4
4
4
4
4
4
4
4
4.41421
4.82843
5.24264
5.65685
6.65685
7.65685
8.65685
9.65685
10.6569
11.6569
4.41421
4
4
4
4
4
4
4
7.07107
6.65685
6.24264
5.82843
5.41421
5
5
5
5
5
5
5
5
5
5.41421
5.82843
6.24264
6.65685
7.07107
8.07107
9.07107
10.0711
11.0711
12.0711
13.0711
5.82843
5.41421
5
5
5
5
5
5
8.07107
7.65685
7.24264
6.82843
6.41421
6
6
6
6
6
6
6
6.41421
6.82843
7.24264
7.65685
8.07107
8.48528
9.48528
10.4853
11.4853
12.4853
13.4853
14.4853
7.24264
6.82843
6.41421
6
6
6
6
9.07107
8.65685
8.24264
7.82843
7.41421
7
7
7
7
7
7
7.41421
7.82843
8.24264
8.65685
9.07107
9.48528
9.89949
10.8995
11.8995
12.8995
13.8995
14.8995
15.8995
9.65685
8.65685
8.24264
7.82843
7.41421
7
7
10.0711
9.65685
9.24264
8.82843
8.41421
8
8
8
8
8.82843
9.24264
9.65685
10.0711
10.4853
10.8995
11.3137
12.3137
13.3137
14.3137
15.3137
16.3137
17.3137
11.0711
10.0711
9.65685
9.24264
8.82843
8.41421
8
10.6569
10.2426
9.82843
9.41421
9
9
9
10.2426
10.6569
11.0711
11.4853
11.8995
12.3137
12.7279
13.7279
14.7279
15.7279
16.7279
17.7279
18.7279
19.7279
14.4853
13.4853
12.4853
11.4853
11.0711
10.6569
10.2426
9.82843
9.41421
10.4142
59.8406
58.8406
12.4853
12.8995
13.3137
13.7279
14.1421
15.1421
16.1421
17.1421
18.1421
19.1421
20.1421
21.1421
16.8995
15.8995
14.8995
13.8995
12.8995
12.4853
12.0711
11.6569
11.2426
10.8284
62.4264
61.4264
60.4264
59.4264
58.4264
57.4264
57.0122
56.598
14.3137
14.7279
15.1421
15.5563
16.5563
17.5563
18.5563
19.5563
20.5563
21.5563
22.5563
23.5563
23.3137
22.3137
21.3137
20.3137
19.3137
18.3137
17.3137
16.3137
15.3137
14.3137
13.8995
13.4853
13.0711
12.6569
12.2426
64.0122
63.0122
62.0122
61.0122
60.0122
59.0122
58.0122
57.0122
56.0122
55.598
55.1838
16.1421
16.5563
16.9706
17.9706
18.9706
19.9706
20.9706
21.9706
22.9706
23.9706
23.7279
22.7279
21.7279
20.7279
19.7279
18.7279
17.7279
16.7279
15.7279
15.3137
14.8995
14.4853
14.0711
13.6569
64.598
63.598
62.598
61.598
60.598
59.598
58.598
57.598
56.598
55.598
54.598
54.1838
17.9706
18.3848
19.3848
20.3848
21.3848
22.3848
23.3848
24.3848
24.1421
23.1421
22.1421
21.1421
20.1421
19.1421
18.1421
17.1421
16.7279
16.3137
15.8995
15.4853
15.0711
65.1838
64.1838
63.1838
62.1838
61.1838
60.1838
59.1838
58.1838
57.1838
56.1838
55.1838
54.1838
53.1838
52.7696
20.799
21.799
22.799
23.799
24.799
24.5563
23.5563
22.5563
21.5563
20.5563
19.5563
18.5563
18.1421
17.7279
17.3137
16.8995
16.4853
66.7696
65.7696
64.7696
63.7696
62.7696
61.7696
60.7696
59.7696
58.7696
57.7696
56.7696
55.7696
54.7696
53.7696
52.7696
51.7696
51.3553
24.2132
25.2132
24.9706
23.9706
22.9706
21.9706
20.9706
19.9706
19.5563
19.1421
18.7279
18.3137
17.8995
67.3553
66.3553
65.3553
64.3553
63.3553
62.3553
61.3553
60.3553
59.3553
58.3553
57.3553
56.3553
55.3553
54.3553
53.3553
52.3553
51.3553
50.3553
25.6274
25.3848
24.3848
23.3848
22.3848
21.3848
20.9706
20.5563
20.1421
19.7279
19.3137
67.9411
66.9411
65.9411
64.9411
63.9411
62.9411
61.9411
60.9411
59.9411
58.9411
57.9411
56.9411
55.9411
54.9411
53.9411
52.9411
51.9411
50.9411
49.9411
48.9411
26.6274
25.799
24.799
23.799
22.799
22.3848
21.9706
21.5563
21.1421
20.7279
70.3553
69.3553
68.3553
67.3553
66.3553
65.3553
64.3553
63.3553
62.3553
61.3553
55.5269
54.5269
53.5269
52.5269
51.5269
50.5269
49.5269
48.5269
47.5269
26.2132
25.2132
24.2132
23.799
23.3848
22.9706
22.5563
22.1421
21.7279
71.7696
70.7696
69.7696
68.7696
67.7696
66.7696
65.7696
64.7696
63.7696
54.1127
53.1127
52.1127
51.1127
50.1127
49.1127
48.1127
47.1127
46.1127
26.6274
25.6274
25.2132
24.799
24.3848
23.9706
23.5563
23.1421
73.1838
72.1838
71.1838
70.1838
69.1838
68.1838
67.1838
66.1838
65.1838
64.7696
52.6985
51.6985
50.6985
49.6985
48.6985
47.6985
46.6985
45.6985
44.6985
38.6985
28.0416
27.0416
26.6274
26.2132
25.799
25.3848
24.9706
24.5563
104.054
103.054
102.054
101.64
74.598
73.598
72.598
71.598
70.598
69.598
68.598
67.598
66.598
66.1838
52.2843
51.2843
50.2843
49.2843
48.2843
47.2843
46.2843
45.2843
44.2843
43.2843
42.2843
41.2843
40.2843
39.2843
38.2843
37.2843
36.2843
35.2843
34.2843
33.2843
30.4558
29.4558
28.4558
28.0416
27.6274
27.2132
26.799
26.3848
25.9706
25.5563
103.64
102.64
101.64
100.64
100.225
99.8112
76.0122
75.0122
74.0122
73.0122
72.0122
71.0122
70.0122
69.0122
68.0122
67.598
51.8701
50.8701
49.8701
48.8701
47.8701
46.8701
45.8701
44.8701
43.8701
42.8701
41.8701
40.8701
39.8701
38.8701
37.8701
36.8701
35.8701
34.8701
33.8701
32.8701
31.8701
30.8701
29.8701
29.4558
29.0416
28.6274
28.2132
27.799
27.3848
26.9706
103.225
102.225
101.225
100.225
99.2254
98.8112
98.397
76.4264
75.4264
74.4264
73.4264
72.4264
71.4264
70.4264
69.4264
69.0122
68.598
52.2843
51.2843
50.2843
49.2843
48.2843
47.2843
46.2843
45.2843
44.2843
43.2843
42.2843
41.2843
40.2843
39.2843
38.2843
37.2843
36.2843
35.2843
34.2843
33.2843
32.2843
31.2843
30.8701
30.4558
30.0416
29.6274
29.2132
28.799
28.3848
102.811
101.811
100.811
99.8112
98.8112
97.8112
97.397
96.9828
77.8406
76.8406
75.8406
74.8406
73.8406
72.8406
71.8406
70.8406
70.4264
70.0122
52.6985
51.6985
50.6985
49.6985
48.6985
47.6985
46.6985
45.6985
40.6985
39.6985
38.6985
37.6985
36.6985
35.6985
34.6985
33.6985
32.6985
32.2843
31.8701
31.4558
31.0416
30.6274
30.2132
29.799
29.3848
102.397
101.397
100.397
99.397
98.397
97.397
96.397
95.9828
78.2548
77.2548
76.2548
75.2548
74.2548
73.2548
72.2548
71.8406
71.4264
71.0122
54.1127
53.1127
52.1127
51.1127
50.1127
49.1127
48.1127
47.1127
40.1127
39.1127
38.1127
37.1127
36.1127
35.1127
34.1127
33.6985
33.2843
32.87
32.4558
32.0416
31.6274
31.2132
30.799
101.983
100.983
99.9828
98.9828
97.9828
96.9828
95.9828
94.9828
94.5686
79.6691
78.6691
77.6691
76.6691
75.6691
74.6691
73.6691
73.2548
72.8406
72.4264
55.5269
54.5269
53.5269
52.5269
51.5269
50.5269
49.5269
48.5269
39.5269
38.5269
37.5269
36.5269
35.5269
35.1127
34.6985
34.2843
33.87
33.4558
33.0416
32.6274
32.2132
101.569
100.569
99.5686
98.5686
97.5686
96.5686
95.5686
94.5686
93.5686
81.0833
80.0833
79.0833
78.0833
77.0833
76.0833
75.0833
74.6691
74.2548
73.8406
73.4264
56.9411
55.9411
54.9411
53.9411
52.9411
51.9411
50.9411
49.9411
49.5269
38.9411
37.9411
36.9411
36.5269
36.1127
35.6985
35.2843
34.87
34.4558
34.0416
33.6274
101.154
100.154
99.1544
98.1544
97.1544
96.1544
95.1544
94.1544
93.1544
92.1544
82.4975
81.4975
80.4975
79.4975
78.4975
77.4975
76.4975
76.0833
75.6691
75.2548
74.8406
58.3553
57.3553
56.3553
55.3553
54.3553
53.3553
52.3553
51.3553
50.9411
37.9411
37.5269
37.1127
36.6985
36.2843
35.87
35.4558
35.0416
100.74
99.7401
98.7401
97.7401
96.7401
95.7401
94.7401
93.7401
92.7401
91.7401
90.7401
89.7401
84.9117
83.9117
82.9117
81.9117
80.9117
79.9117
78.9117
77.9117
77.4975
77.0833
76.6691
76.2548
59.7696
58.7696
57.7696
56.7696
55.7696
54.7696
53.7696
52.7696
52.3553
51.9411
96.3259
95.3259
94.3259
93.3259
92.3259
91.3259
90.3259
89.3259
88.3259
87.3259
86.3259
85.3259
84.3259
83.3259
82.3259
81.3259
80.3259
79.3259
78.9117
78.4975
78.0833
77.6691
61.1838
60.1838
59.1838
58.1838
57.1838
56.1838
55.1838
54.1838
53.7696
53.3553
93.7401
92.7401
91.7401
90.7401
89.7401
88.7401
87.7401
86.7401
85.7401
84.7401
83.7401
82.7401
81.7401
80.7401
80.3259
79.9117
79.4975
79.0833
62.598
61.598
60.598
59.598
58.598
57.598
56.598
55.598
55.1838
54.7696
54.3553
93.1544
92.1544
91.1544
90.1544
89.1544
88.1544
87.1544
86.1544
85.1544
84.1544
83.1544
82.1544
81.7401
81.3259
80.9117
80.4975
64.0122
63.0122
62.0122
61.0122
60.0122
59.0122
58.0122
57.0122
56.598
56.1838
55.7696
92.5686
91.5686
90.5686
89.5686
88.5686
87.5686
86.5686
85.5686
84.5686
83.5686
83.1544
82.7401
82.3259
81.9117
64.4264
63.4264
62.4264
61.4264
60.4264
59.4264
58.4264
58.0122
57.598
57.1838
91.9828
90.9828
89.9828
88.9828
87.9828
86.9828
85.9828
84.9828
84.5686
84.1544
83.7401
83.3259
65.8406
64.8406
63.8406
62.8406
61.8406
60.8406
59.8406
59.4264
91.397
90.397
89.397
88.397
87.397
86.397
85.9828
85.5686
85.1544
84.7401
67.2548
66.2548
65.2548
64.2548
63.2548
62.2548
61.2548
60.8406
90.8112
89.8112
88.8112
87.8112
87.397
86.9828
86.5686
86.1544
68.6691
67.6691
66.6691
65.6691
64.6691
63.6691
62.6691
89.2254
88.8112
88.397
87.9828
70.0833
69.0833
68.0833
67.0833
66.0833
65.0833
64.0833
63.6691
72.4975
71.4975
70.4975
69.4975
68.4975
67.4975
66.4975
65.4975
65.0833
73.9117
72.9117
71.9117
70.9117
69.9117
68.9117
67.9117
66.9117
66.4975
75.3259
74.3259
73.3259
72.3259
71.3259
70.3259
69.3259
68.3259
67.9117
67.4975
76.7401
75.7401
74.7401
73.7401
72.7401
71.7401
70.7401
69.7401
69.3259
68.9117
78.1544
77.1544
76.1544
75.1544
74.1544
73.1544
72.1544
71.1544
70.7401
70.3259
69.9117
78.5686
77.5686
76.5686
75.5686
74.5686
73.5686
72.5686
72.1544
71.7401
71.3259
78.9828
77.9828
76.9828
75.9828
74.9828
73.9828
73.5686
73.1544
72.7401
72.3259
80.397
79.397
78.397
77.397
76.397
75.397
74.9828
74.5686
74.1544
73.7401
73.3259
80.8112
79.8112
78.8112
77.8112
76.8112
76.397
75.9828
75.5686
75.1544
74.7401
74.3259
81.2254
80.2254
79.2254
78.2254
77.8112
77.397
76.9828
76.5686
76.1544
75.7401
80.6396
79.6396
79.2254
78.8112
78.397
77.9828
77.5686
77.1544
76.7401
81.0539
80.6396
80.2254
79.8112
79.397
78.9828
78.5686
78.1544
77.7401
82.0539
81.6396
81.2254
80.8112
80.397
79.9828
79.5686
79.1544
78.7401
83.0539
82.6396
82.2254
81.8112
81.397
80.9828
80.5686
80.1544
79.7401
83.6396
83.2254
82.8112
82.397
81.9828
81.5686
81.1544
80.7401
84.6396
84.2254
83.8112
83.397
82.9828
82.5686
82.1544
85.2254
84.8112
84.397
83.9828
83.5686
