0
0
0
0
0
0
0
0
0
0
0
0
0
0
0
0
0
0
0
0
0
0
0
0
0
0
0
0
0
0
0
0
0
0
0
0
0
0
1
1
1
1
1
1
1
1
1
1
1
1
1
1
1
1
1
1
1
1
1
1
1
1
1
1
1
1
1
1
1
2
2
2
2
2
2
2
2
2
2
2
2
2
2
2
2
2
2
2
2
2
2
2
2
2
2
2
3
3
3
3
3
3
3
3
3
3
3
3
3
3
3
3
3
3
3
3
3
3
3
3
4
4
4
4
4
4
4
4
4
4
4
4
4
4
4
4
4
4
4
4
4
4
5
5
5
5
5
5
5
5
5
5
5
5
5
5
5
5
5
5
5
5
6
6
6
6
6
6
6
6
6
6
6
6
6
6
6
6
6
6
6
7
7
7
7
7
7
7
7
7
7
7
7
7
7
7
7
7
7.41421
8
8
8
8
8
8
8
8
8
8
8
8
8
8
8
8
8.41421
9
9
9
9
9
9
9
9
9
9
9
9
9
9
9.41421
9.82843
10
10
10
10
10
10
10
10
10
10
10
10
10
10.4142
10.8284
11.2426
11
11
11
11
11
11
11
11
11
11
11
11
11.4142
11.8284
12.2426
12.6569
13.6569
12
12
12
12
12
12
12
12
12
12
12
12.4142
12.8284
13.2426
13.6569
14.0711
15.0711
16.0711
34.8995
35.8995
36.8995
37.8995
38.8995
39.8995
40.8995
41.8995
42.8995
43.8995
44.8995
45.8995
46.8995
47.8995
13
13
13
13
13
13
13
13
13
13
13.4142
13.8284
14.2426
14.6569
15.0711
15.4853
16.4853
17.4853
18.4853
19.4853
20.4853
21.4853
22.4853
23.4853
24.4853
25.4853
26.4853
27.4853
28.4853
29.4853
30.4853
31.4853
32.4853
33.4853
34.4853
35.4853
36.4853
37.4853
38.4853
39.4853
40.4853
41.4853
42.4853
43.4853
44.4853
45.4853
46.4853
47.4853
48.4853
49.4853
50.4853
51.4853
14
14
14
14
14
14
14
14
14
14.4142
14.8284
15.2426
15.6569
16.0711
16.4853
16.8995
17.8995
18.8995
19.8995
20.8995
21.8995
22.8995
23.8995
24.8995
25.8995
26.8995
27.8995
28.8995
29.8995
30.8995
31.8995
32.8995
33.8995
34.8995
35.8995
36.8995
37.8995
38.8995
39.8995
40.8995
41.8995
42.8995
43.8995
44.8995
45.8995
46.8995
47.8995
48.8995
49.8995
50.8995
51.8995
15
15
15
15
15
15
15
15
15.4142
15.8284
16.2426
16.6569
17.0711
17.4853
17.8995
18.3137
19.3137
20.3137
21.3137
22.3137
23.3137
24.3137
25.3137
26.3137
27.3137
28.3137
29.3137
30.3137
31.3137
32.3137
33.3137
34.3137
35.3137
36.3137
37.3137
38.3137
39.3137
40.3137
41.3137
42.3137
43.3137
44.3137
45.3137
46.3137
47.3137
48.3137
49.3137
50.3137
51.3137
52.3137
16
16
16
16
16
16
16
16.4142
16.8284
17.2426
17.6569
18.0711
18.4853
18.8995
19.3137
19.7279
20.7279
21.7279
22.7279
23.7279
24.7279
25.7279
26.7279
27.7279
28.7279
29.7279
30.7279
31.7279
32.7279
33.7279
34.7279
35.7279
36.7279
37.7279
38.7279
39.7279
40.7279
41.7279
42.7279
43.7279
44.7279
45.7279
46.7279
47.7279
48.7279
49.7279
50.7279
51.7279
52.7279
17
17
17
17
17
17
17.4142
17.8284
18.2426
18.6569
19.0711
19.4853
19.8995
20.3137
20.7279
21.1421
22.1421
23.1421
24.1421
25.1421
26.1421
27.1421
28.1421
29.1421
30.1421
31.1421
32.1421
33.1421
34.1421
35.1421
36.1421
37.1421
38.1421
39.1421
40.1421
41.1421
42.1421
43.1421
44.1421
45.1421
46.1421
47.1421
48.1421
49.1421
50.1421
51.1421
52.1421
53.1421
18
18
18
18
18.4142
18.8284
19.2426
19.6569
20.0711
20.4853
20.8995
21.3137
21.7279
22.1421
22.5563
23.5563
24.5563
25.5563
26.5563
27.5563
28.5563
29.5563
30.5563
31.5563
32.5563
33.5563
34.5563
35.5563
36.5563
37.5563
38.5563
39.5563
40.5563
41.5563
42.5563
43.5563
44.5563
45.5563
46.5563
47.5563
48.5563
49.5563
50.5563
51.5563
52.5563
53.5563
19
19
19
19.4142
19.8284
20.2426
20.6569
21.0711
21.4853
21.8995
22.3137
22.7279
23.1421
23.5563
23.9706
24.9706
25.9706
26.9706
27.9706
28.9706
29.9706
30.9706
31.9706
32.9706
33.9706
34.9706
35.9706
36.9706
37.9706
38.9706
39.9706
40.9706
41.9706
42.9706
43.9706
44.9706
45.9706
46.9706
47.9706
48.9706
49.9706
50.9706
51.9706
52.9706
53.9706
20
20
20.4142
20.8284
21.2426
21.6569
22.0711
22.4853
22.8995
23.3137
23.7279
24.1421
24.5563
24.9706
25.3848
26.3848
27.3848
28.3848
29.3848
30.3848
31.3848
32.3848
33.3848
34.3848
35.3848
36.3848
37.3848
38.3848
39.3848
40.3848
41.3848
42.3848
43.3848
44.3848
45.3848
46.3848
47.3848
48.3848
49.3848
50.3848
51.3848
52.3848
53.3848
54.3848
21
21.4142
21.8284
22.2426
22.6569
23.0711
23.4853
23.8995
24.3137
24.7279
25.1421
25.5563
25.9706
26.3848
26.799
27.799
28.799
29.799
30.799
31.799
32.799
33.799
34.799
35.799
36.799
37.799
38.799
39.799
40.799
41.799
42.799
43.799
44.799
45.799
46.799
47.799
48.799
49.799
50.799
51.799
52.799
53.799
54.799
22.4142
22.8284
23.2426
23.6569
24.0711
24.4853
24.8995
25.3137
25.7279
26.1421
26.5563
26.9706
27.3848
27.799
28.2132
29.2132
30.2132
31.2132
32.2132
33.2132
34.2132
35.2132
36.2132
37.2132
38.2132
39.2132
40.2132
41.2132
42.2132
43.2132
44.2132
45.2132
46.2132
47.2132
48.2132
49.2132
50.2132
51.2132
52.2132
53.2132
54.2132
55.2132
23.8284
24.2426
24.6569
25.0711
25.4853
25.8995
26.3137
26.7279
27.1421
27.5563
27.9706
28.3848
28.799
29.2132
29.6274
30.6274
31.6274
32.6274
33.6274
34.6274
35.6274
36.6274
37.6274
38.6274
39.6274
40.6274
41.6274
42.6274
43.6274
44.6274
45.6274
46.6274
47.6274
48.6274
49.6274
50.6274
51.6274
52.6274
53.6274
54.6274
55.6274
25.2426
25.6569
26.0711
26.4853
26.8995
27.3137
27.7279
28.1421
28.5563
28.9706
29.3848
29.799
30.2132
30.6274
31.0416
32.0416
33.0416
34.0416
35.0416
36.0416
37.0416
38.0416
39.0416
40.0416
41.0416
42.0416
43.0416
44.0416
45.0416
46.0416
47.0416
48.0416
49.0416
50.0416
51.0416
52.0416
53.0416
54.0416
55.0416
56.0416
26.6569
27.0711
27.4853
27.8995
28.3137
28.7279
29.1421
29.5563
29.9706
30.3848
30.799
31.2132
31.6274
32.0416
32.4558
33.4558
34.4558
35.4558
36.4558
37.4558
38.4558
39.4558
40.4558
41.4558
42.4558
43.4558
44.4558
45.4558
46.4558
47.4558
48.4558
49.4558
50.4558
51.4558
52.4558
53.4558
54.4558
55.4558
56.4558
28.4853
28.8995
29.3137
29.7279
30.1421
30.5563
30.9706
31.3848
31.799
32.2132
32.6274
33.0416
33.4558
33.8701
34.8701
35.8701
36.8701
37.8701
38.8701
39.8701
40.8701
41.8701
42.8701
43.8701
44.8701
45.8701
46.8701
47.8701
48.8701
49.8701
50.8701
51.8701
52.8701
53.8701
54.8701
55.8701
56.8701
29.8995
30.3137
30.7279
31.1421
31.5563
31.9706
32.3848
32.799
33.2132
33.6274
34.0416
34.4558
34.8701
35.2843
36.2843
37.2843
38.2843
39.2843
40.2843
41.2843
42.2843
43.2843
44.2843
45.2843
46.2843
47.2843
48.2843
49.2843
50.2843
51.2843
52.2843
53.2843
54.2843
55.2843
56.2843
57.2843
31.7279
32.1421
32.5563
32.9706
33.3848
33.799
34.2132
34.6274
35.0416
35.4558
35.8701
36.2843
36.6985
37.6985
38.6985
39.6985
40.6985
41.6985
42.6985
43.6985
44.6985
45.6985
46.6985
47.6985
48.6985
49.6985
50.6985
51.6985
52.6985
53.6985
54.6985
55.6985
56.6985
57.6985
33.1421
33.5563
33.9706
34.3848
34.799
35.2132
35.6274
36.0416
36.4558
36.8701
37.2843
37.6985
38.1127
39.1127
40.1127
41.1127
42.1127
43.1127
44.1127
45.1127
46.1127
47.1127
48.1127
49.1127
50.1127
51.1127
52.1127
53.1127
54.1127
55.1127
56.1127
57.1127
58.1127
34.9706
35.3848
35.799
36.2132
36.6274
37.0416
37.4558
37.8701
38.2843
38.6985
39.1127
39.5269
40.5269
41.5269
42.5269
43.5269
44.5269
45.5269
46.5269
47.5269
48.5269
49.5269
50.5269
51.5269
52.5269
53.5269
54.5269
55.5269
56.5269
57.5269
58.5269
36.799
37.2132
37.6274
38.0416
38.4558
38.8701
39.2843
39.6985
40.1127
40.5269
40.9411
41.9411
42.9411
43.9411
44.9411
45.9411
46.9411
47.9411
48.9411
49.9411
50.9411
51.9411
52.9411
53.9411
54.9411
55.9411
56.9411
57.9411
58.9411
39.0416
39.4558
39.8701
40.2843
40.6985
41.1127
41.5269
41.9411
42.3553
43.3553
44.3553
45.3553
46.3553
47.3553
48.3553
49.3553
50.3553
51.3553
52.3553
53.3553
54.3553
55.3553
56.3553
57.3553
58.3553
59.3553
41.6985
42.1127
42.5269
42.9411
43.3553
43.7696
44.7696
45.7696
46.7696
47.7696
48.7696
49.7696
50.7696
51.7696
52.7696
53.7696
54.7696
55.7696
56.7696
57.7696
58.7696
59.7696
45.1838
46.1838
47.1838
48.1838
49.1838
50.1838
51.1838
52.1838
53.1838
54.1838
