0
0
0
0
0
0
0
0
0
0
0
0
0
0
0
0
0
0
0
1
1
1
1
1
1
1
1
2.41421
1.41421
1
1
1
1
1
1
1
1
1
1.41421
2.41421
3.41421
4.41421
1
1
1
1
1
1
1
1
1
3.82843
2.82843
2
2
2
2
4.82843
5.82843
6.82843
7.82843
2
2
2
2
2
2
2
2
2
2
2
5.24264
4.24264
3
3
3
8.24264
9.24264
10.2426
3
3
3
3
6.65685
5.65685
4
4
4
4
10.6569
11.6569
4.41421
4
4
4
7.07107
5
5
5
5
12.0711
13.0711
5.82843
5.41421
5
5
5
8.07107
6
6
6
13.4853
14.4853
7.24264
6.82843
6
6
6
9.07107
7
7
7
7.41421
7.82843
14.8995
15.8995
9.65685
8.65685
8.24264
7
7
10.0711
9.65685
8
8
8.82843
9.24264
16.3137
17.3137
11.0711
10.0711
8.41421
8
10.6569
10.2426
9.82843
9.41421
9
9
9
10.2426
10.6569
11.0711
11.4853
17.7279
18.7279
19.7279
14.4853
13.4853
12.4853
11.4853
9.82843
9.41421
10.4142
59.8406
58.8406
12.4853
12.8995
13.3137
20.1421
21.1421
16.8995
15.8995
14.8995
11.2426
10.8284
62.4264
61.4264
60.4264
59.4264
58.4264
57.4264
57.0122
56.598
14.3137
14.7279
15.1421
21.5563
22.5563
23.5563
23.3137
22.3137
21.3137
20.3137
19.3137
18.3137
17.3137
12.6569
12.2426
64.0122
63.0122
62.0122
55.598
55.1838
16.1421
16.5563
16.9706
14.0711
13.6569
64.598
63.598
54.1838
17.9706
18.3848
19.3848
20.3848
15.4853
15.0711
65.1838
64.1838
53.1838
52.7696
20.799
21.799
22.799
23.799
16.8995
16.4853
66.7696
65.7696
64.7696
51.7696
51.3553
24.2132
25.2132
18.3137
17.8995
67.3553
66.3553
50.3553
25.6274
19.7279
19.3137
67.9411
66.9411
60.9411
59.9411
58.9411
57.9411
56.9411
55.9411
49.9411
48.9411
26.6274
25.799
20.7279
70.3553
69.3553
68.3553
63.3553
62.3553
61.3553
55.5269
54.5269
48.5269
47.5269
26.2132
22.1421
21.7279
71.7696
70.7696
63.7696
54.1127
53.1127
47.1127
46.1127
26.6274
23.5563
23.1421
73.1838
72.1838
65.1838
64.7696
52.6985
45.6985
44.6985
38.6985
28.0416
27.0416
24.5563
104.054
103.054
102.054
101.64
74.598
73.598
66.598
66.1838
52.2843
44.2843
43.2843
42.2843
41.2843
40.2843
39.2843
38.2843
37.2843
36.2843
35.2843
34.2843
33.2843
30.4558
29.4558
28.4558
25.9706
25.5563
100.64
100.225
99.8112
76.0122
75.0122
67.598
51.8701
32.8701
31.8701
30.8701
27.3848
26.9706
98.8112
98.397
76.4264
69.0122
68.598
52.2843
45.2843
44.2843
43.2843
42.2843
41.2843
40.2843
28.3848
97.397
96.9828
77.8406
76.8406
70.0122
52.6985
46.6985
45.6985
40.6985
39.6985
29.799
29.3848
95.9828
78.2548
71.4264
71.0122
54.1127
53.1127
48.1127
47.1127
40.1127
39.1127
31.2132
30.799
94.9828
94.5686
79.6691
78.6691
72.4264
55.5269
54.5269
48.5269
39.5269
38.5269
32.6274
32.2132
93.5686
81.0833
80.0833
73.8406
73.4264
56.9411
55.9411
49.9411
49.5269
38.9411
37.9411
36.9411
34.0416
33.6274
93.1544
92.1544
82.4975
81.4975
75.2548
74.8406
58.3553
57.3553
50.9411
37.9411
37.5269
37.1127
36.6985
36.2843
35.87
35.4558
35.0416
100.74
99.7401
98.7401
97.7401
96.7401
91.7401
90.7401
89.7401
84.9117
83.9117
82.9117
76.6691
76.2548
59.7696
58.7696
52.3553
51.9411
96.3259
95.3259
94.3259
93.3259
89.3259
88.3259
87.3259
86.3259
85.3259
78.0833
77.6691
61.1838
60.1838
53.3553
93.7401
92.7401
79.4975
79.0833
62.598
61.598
54.7696
54.3553
93.1544
92.1544
80.9117
80.4975
64.0122
63.0122
56.1838
55.7696
92.5686
91.5686
82.3259
81.9117
64.4264
58.4264
58.0122
57.598
57.1838
91.9828
90.9828
83.7401
83.3259
65.8406
64.8406
59.8406
59.4264
91.397
90.397
85.1544
84.7401
67.2548
66.2548
62.2548
61.2548
60.8406
90.8112
89.8112
88.8112
86.9828
86.5686
86.1544
68.6691
67.6691
62.6691
89.2254
88.8112
88.397
87.9828
70.0833
69.0833
64.0833
63.6691
72.4975
71.4975
70.4975
65.4975
65.0833
73.9117
72.9117
66.4975
75.3259
74.3259
67.9117
67.4975
76.7401
75.7401
68.9117
78.1544
77.1544
70.3259
69.9117
78.5686
71.3259
78.9828
72.3259
80.397
79.397
73.3259
80.8112
74.7401
74.3259
81.2254
80.2254
75.7401
80.6396
76.7401
81.0539
77.7401
82.0539
78.7401
83.0539
82.6396
79.7401
83.6396
81.1544
80.7401
84.6396
84.2254
82.5686
82.1544
85.2254
84.8112
84.397
83.9828
83.5686
