0
0
0
0
0
0
0
0
0
0
0
0
0
0
0
0
1.41421
1
1
1.41421
2.41421
3.41421
4.41421
5.41421
6.41421
1
1
1
1
1
1
2.82843
2.41421
6.82843
7.82843
8.82843
9.82843
2
2
2
3.82843
3
3
3
10.2426
11.2426
12.2426
3
3
3
3
3
4.82843
4
4
4
4
4
4
4
4
4.41421
12.6569
13.6569
14.6569
4
4
4
4
4
4
4
5.82843
5.41421
5
5
5
5.41421
5.82843
6.24264
15.0711
16.0711
5
5
5
6.41421
6
6
6
7.24264
7.65685
8.07107
16.4853
17.4853
7
7
7
7
7
7
9.07107
9.48528
17.8995
18.8995
19.8995
10.4853
10.8995
11.3137
20.3137
21.3137
12.3137
12.7279
13.7279
14.7279
21.7279
22.7279
23.7279
24.7279
15.1421
16.1421
17.1421
25.1421
26.1421
27.1421
28.1421
29.1421
30.1421
31.1421
32.1421
33.1421
34.1421
35.1421
36.1421
17.5563
18.5563
36.5563
37.5563
18.9706
19.9706
37.9706
38.9706
20.3848
21.3848
39.3848
21.799
22.799
39.799
23.2132
40.2132
24.2132
39.6274
40.6274
25.2132
40.0416
26.2132
39.4558
40.4558
27.2132
38.87
39.87
28.2132
38.2843
39.2843
29.2132
37.6985
38.6985
30.2132
37.1127
38.1127
31.2132
36.5269
37.5269
32.2132
35.9411
36.9411
33.2132
33.6274
36.5269
36.9411
34.6274
35.0416
37.1127
37.5269
36.0416
36.4558
36.8701
37.2843
37.6985
38.1127
37.8701
