0
0
0
0
0
0
0
0
0
1
1
1
1
1
1
1
1
1
1
2
2
2
2
2
2.41421
2
2
2
2
2
2
2
2
2
2
2
3
3
3
3.41421
3.82843
4.82843
3
3
3
4
4
4
5.24264
6.24264
7.24264
5
5
5
5
7.65685
8.65685
9.65685
10.6569
11.6569
72.7401
73.7401
74.7401
6
6
6
12.0711
13.0711
14.0711
15.0711
16.0711
17.0711
18.0711
19.0711
71.3259
72.3259
7
7
7.41421
19.4853
20.4853
21.4853
22.4853
69.4975
69.9117
70.9117
8.41421
8.82843
22.8995
23.8995
24.8995
25.8995
68.0833
68.4975
9.82843
10.2426
10.6569
26.3137
27.3137
66.6691
67.0833
11.6569
12.0711
27.7279
28.7279
65.2548
65.6691
13.0711
13.4853
29.1421
30.1421
63.8406
64.2548
14.4853
14.8995
30.5563
31.5563
62.4264
62.8406
15.8995
16.3137
31.9706
61.0122
61.4264
17.3137
17.7279
32.3848
33.3848
60.0122
18.7279
19.1421
33.799
34.799
58.598
59.598
20.1421
20.5563
35.2132
57.1838
58.1838
21.5563
21.9706
35.6274
36.6274
55.7696
56.7696
22.9706
23.3848
37.0416
54.3553
55.3553
24.3848
24.799
37.4558
38.4558
52.9411
53.9411
25.799
26.2132
38.8701
39.8701
50.5269
51.5269
52.5269
27.2132
27.6274
28.0416
40.2843
41.2843
42.2843
43.2843
48.1127
49.1127
50.1127
29.0416
29.4558
29.8701
43.6985
44.6985
45.6985
46.6985
47.6985
30.8701
31.2843
31.6985
32.1127
33.1127
33.5269
34.5269
35.5269
35.9411
36.9411
37.9411
38.3553
39.3553
40.3553
40.7696
41.7696
42.1838
43.1838
43.598
44.598
45.0122
46.0122
46.4264
47.4264
64.8406
65.8406
66.8406
67.8406
68.8406
69.8406
70.8406
71.8406
48.4264
48.8406
63.2548
64.2548
65.2548
49.8406
50.2548
60.6691
61.6691
62.6691
63.6691
51.2548
51.6691
52.0833
59.0833
60.0833
61.0833
53.0833
53.4975
54.4975
55.4975
56.4975
57.4975
58.4975
59.4975
