1
1
1
1
1
1
1
1
1
1
1
1
1
1
1
1
1
1
1
1
1
1
1
1
1
1
1
1
1
1
1
1
1
1
1
1
1
1
1
1
1
1
1
1
1
1
1
1
1
1
1
1
1
1
1
1
1
1
1
1
1
1
1
1
1
1
1
1
1
1
1
1
1
1
1
1
1
1
1
1
1
1
1
1.20711
1
1
1
1
1
1
1
1
1
1
1
1
1
1
1
1
1
1
1
1
1
1
1
1.13807
1.27614
1.60948
1
1
1
1
1
1
1
1
1
1
1
1
1.10355
1.20711
1.31066
1.56066
1.81066
1
1
1
1
1
1
1
1.08284
1.16569
1.24853
1.33137
1.53137
1.73137
1.93137
2.13137
2.33137
14.548
14.748
14.948
1
1
1
1
1.06904
1.13807
1.20711
1.27614
1.34518
1.51184
1.67851
1.84518
2.01184
2.17851
2.34518
2.51184
2.67851
2.84518
3.01184
3.17851
11.8877
12.0543
12.221
12.3877
1
1
1.05917
1.11835
1.17752
1.23669
1.29587
1.35504
1.4979
1.64075
1.78361
1.92647
2.06933
2.21218
2.35504
2.4979
2.64075
2.78361
2.92647
3.06933
3.21218
9.92821
9.98739
10.1302
10.2731
10.416
10.5588
1.05178
1.10355
1.15533
1.20711
1.25888
1.31066
1.36244
1.48744
1.61244
1.73744
1.86244
1.98744
2.11244
2.23744
2.36244
2.48744
2.61244
2.73744
2.86244
2.98744
3.11244
3.23744
8.51041
8.56219
8.68719
8.81219
8.93719
9.06219
9.18719
1.09205
1.13807
1.18409
1.23012
1.27614
1.32217
1.36819
1.4793
1.59041
1.70152
1.81263
1.92375
2.03486
2.14597
2.25708
2.36819
2.4793
2.59041
2.70152
2.81263
2.92375
3.03486
7.40767
7.4537
7.56481
7.67592
7.78703
7.89814
8.00925
8.12036
1.16569
1.20711
1.24853
1.28995
1.33137
1.37279
1.47279
1.57279
1.67279
1.77279
1.87279
1.97279
2.07279
2.17279
2.27279
2.37279
2.47279
2.57279
2.67279
2.77279
2.87279
6.52548
6.56691
6.66691
6.76691
6.86691
6.96691
7.06691
7.16691
7.26691
1.18828
1.22593
1.26359
1.30125
1.3389
1.37656
1.46747
1.55838
1.64928
1.74019
1.8311
1.92201
2.01292
2.10383
2.19474
2.28565
2.37656
2.46747
2.55838
2.64928
2.74019
5.80369
5.84135
5.93226
6.02317
6.11408
6.20499
6.29589
6.3868
6.47771
6.56862
1.20711
1.24162
1.27614
1.31066
1.34518
1.3797
1.46303
1.54636
1.6297
1.71303
1.79636
1.8797
1.96303
2.04636
2.1297
2.21303
2.29636
2.3797
2.46303
2.54636
2.6297
5.2022
5.23672
5.32005
5.40339
5.48672
5.57005
5.65339
5.73672
5.82005
5.90339
5.98672
1.22304
1.2549
1.28676
1.31863
1.35049
1.38235
1.45927
1.5362
1.61312
1.69004
1.76697
1.84389
1.92081
1.99774
2.07466
2.15158
2.2285
2.30543
2.38235
2.45927
4.69325
4.72511
4.80203
4.87895
4.95588
5.0328
5.10972
5.18665
5.26357
5.34049
5.41742
5.49434
1.23669
1.26628
1.29587
1.32545
1.35504
1.38463
1.45606
1.52748
1.59891
1.67034
1.74177
1.8132
1.88463
1.95606
2.02748
2.09891
2.17034
2.24177
2.3132
2.38463
4.28659
4.35801
4.42944
4.50087
4.5723
4.64373
4.71516
4.78659
4.85801
4.92944
5.00087
5.0723
1.24853
1.27614
1.30376
1.33137
1.35898
1.3866
1.45327
1.51993
1.5866
1.65327
1.71993
1.7866
1.85327
1.91993
1.9866
2.05327
2.11993
2.1866
2.25327
2.31993
3.90653
3.9732
4.03987
4.10653
4.1732
4.23987
4.30653
4.3732
4.43987
4.50653
4.5732
4.63987
4.70653
1.25888
1.28477
1.31066
1.33655
1.36244
1.38832
1.45082
1.51332
1.57582
1.63832
1.70082
1.76332
1.82582
1.88832
1.95082
2.01332
2.07582
2.13832
2.20082
3.57399
3.63649
3.69899
3.76149
3.82399
3.88649
3.94899
4.01149
4.07399
4.13649
4.19899
4.26149
4.32399
4.38649
1.26802
1.29239
1.31675
1.34112
1.36548
1.38985
1.44867
1.50749
1.56632
1.62514
1.68397
1.74279
1.80161
1.86044
1.91926
1.97808
2.03691
2.09573
2.15455
3.28056
3.33939
3.39821
3.45703
3.51586
3.57468
3.6335
3.69233
3.75115
3.80997
3.8688
3.92762
3.98644
4.04527
4.10409
1.27614
1.29915
1.32217
1.34518
1.36819
1.3912
1.44676
1.50231
1.55787
1.61342
1.66898
1.72453
1.78009
1.83565
1.8912
1.94676
2.00231
2.05787
3.01974
3.0753
3.13085
3.18641
3.24196
3.29752
3.35307
3.40863
3.46419
3.51974
3.5753
3.63085
3.68641
3.74196
3.79752
3.85307
1.28341
1.30521
1.32701
1.34881
1.37061
1.39241
1.44504
1.49768
1.55031
1.60294
1.65557
1.7082
1.76083
1.81347
1.8661
1.91873
1.97136
2.02399
2.78637
2.83901
2.89164
2.94427
2.9969
3.04953
3.10216
3.1548
3.20743
3.26006
3.31269
3.36532
3.41795
3.47059
3.52322
3.57585
3.62848
1.28995
1.31066
1.33137
1.35208
1.37279
1.3935
1.4435
1.4935
1.5435
1.5935
1.6435
1.6935
1.7435
1.7935
1.8435
1.8935
1.9435
1.9935
2.52635
2.57635
2.62635
2.67635
2.72635
2.77635
2.82635
2.87635
2.92635
2.97635
3.02635
3.07635
3.12635
3.17635
3.22635
3.27635
3.32635
3.37635
3.42635
1.29587
1.31559
1.33532
1.35504
1.37476
1.39449
1.44211
1.48973
1.53735
1.58496
1.63258
1.6802
1.72782
1.77544
1.82306
1.87068
1.9183
1.96592
2.01354
2.06116
2.29108
2.3387
2.38632
2.43394
2.48156
2.52918
2.57679
2.62441
2.67203
2.71965
2.76727
2.81489
2.86251
2.91013
2.95775
3.00537
3.05299
3.1006
3.14822
3.19584
3.24346
1.32007
1.3389
1.35773
1.37656
1.39539
1.44084
1.48629
1.53175
1.5772
1.62266
1.66811
1.71357
1.75902
1.80448
1.84993
1.89539
1.94084
1.98629
2.03175
2.0772
2.12266
2.16811
2.21357
2.25902
2.30448
2.34993
2.39539
2.44084
2.48629
2.53175
2.5772
2.62266
2.66811
2.71357
2.75902
2.80448
2.84993
2.89539
2.94084
2.98629
3.03175
3.0772
1.34218
1.36019
1.37819
1.3962
1.43968
1.48316
1.52664
1.57012
1.6136
1.65707
1.70055
1.74403
1.78751
1.83099
1.87446
1.91794
1.96142
2.0049
2.04838
2.09186
2.13533
2.17881
2.22229
2.26577
2.30925
2.35273
2.3962
2.43968
2.48316
2.52664
2.57012
2.6136
2.65707
2.70055
2.74403
2.78751
2.83099
2.87446
2.91794
2.96142
1.3797
1.39695
1.43862
1.48029
1.52195
1.56362
1.60529
1.64695
1.68862
1.73029
1.77195
1.81362
1.85529
1.89695
1.93862
1.98029
2.02195
2.06362
2.10529
2.14695
2.18862
2.23029
2.27195
2.31362
2.35529
2.39695
2.43862
2.48029
2.52195
2.56362
2.60529
2.64695
2.68862
2.73029
2.77195
2.81362
2.85529
1.43764
1.47764
1.51764
1.55764
1.59764
1.63764
1.67764
1.71764
1.75764
1.79764
1.83764
1.87764
1.91764
1.95764
1.99764
2.03764
2.07764
2.11764
2.15764
2.19764
2.23764
2.27764
2.31764
2.35764
2.39764
2.43764
2.47764
2.51764
2.55764
2.59764
2.63764
2.67764
2.71764
2.75764
1.47521
1.51367
1.55213
1.59059
1.62905
1.66751
1.70597
1.74444
1.7829
1.82136
1.85982
1.89828
1.93674
1.97521
2.01367
2.05213
2.09059
2.12905
2.16751
2.20597
2.24444
2.2829
2.32136
2.35982
2.39828
2.43674
2.47521
2.51367
2.55213
2.59059
2.62905
2.66751
1.50998
1.54702
1.58406
1.62109
1.65813
1.69517
1.73221
1.76924
1.80628
1.84332
1.88035
1.91739
1.95443
1.99146
2.0285
2.06554
2.10258
2.13961
2.17665
2.21369
2.25072
2.28776
2.3248
2.36184
2.39887
2.43591
2.47295
2.50998
2.54702
2.58406
1.50656
1.54228
1.57799
1.61371
1.64942
1.68513
1.72085
1.75656
1.79228
1.82799
1.86371
1.89942
1.93513
1.97085
2.00656
2.04228
2.07799
2.11371
2.14942
2.18513
2.22085
2.25656
2.29228
2.32799
2.36371
2.39942
2.43513
2.47085
2.50656
1.50338
1.53786
1.57234
1.60683
1.64131
1.67579
1.71028
1.74476
1.77924
1.81372
1.84821
1.88269
1.91717
1.95165
1.98614
2.02062
2.0551
2.08959
2.12407
2.15855
2.19303
2.22752
2.262
2.29648
2.33096
2.36545
2.39993
2.43441
1.4866
1.50041
1.53374
1.56707
1.60041
1.63374
1.66707
1.70041
1.73374
1.76707
1.80041
1.83374
1.86707
1.90041
1.93374
1.96707
2.00041
2.03374
2.06707
2.10041
2.13374
2.16707
2.20041
2.23374
2.26707
2.30041
2.33374
2.36707
1.48426
1.49763
1.52988
1.56214
1.5944
1.62666
1.65892
1.69117
1.72343
1.75569
1.78795
1.82021
1.85246
1.88472
1.91698
1.94924
1.9815
2.01376
2.04601
2.07827
2.11053
2.14279
2.17505
2.2073
2.23956
2.27182
2.30408
1.48208
1.49502
1.52627
1.55752
1.58877
1.62002
1.65127
1.68252
1.71377
1.74502
1.77627
1.80752
1.83877
1.87002
1.90127
1.93252
1.96377
1.99502
2.02627
2.05752
2.08877
2.12002
2.15127
2.18252
2.21377
2.24502
1.46747
1.48002
1.49257
1.52287
1.55318
1.58348
1.61378
1.64409
1.67439
1.70469
1.735
1.7653
1.7956
1.8259
1.85621
1.88651
1.91681
1.94712
1.97742
1.4659
1.47808
1.49027
1.51968
1.54909
1.5785
1.60791
1.63733
1.66674
1.69615
1.72556
1.75497
1.78438
1.8138
1.84321
1.87262
1.46442
1.47626
1.48809
1.51666
1.54524
1.57381
1.60238
1.63095
1.65952
1.68809
1.71666
1.74524
1.47454
1.48604
1.51382
1.5416
1.56937
1.59715
1.62493
1.65271
