50.8995
50.4853
50.7279
50.3137
49.8995
49.4853
49.0711
48.6569
50.1421
49.7279
49.3137
48.8995
48.4853
48.0711
47.6569
47.2426
49.5564
49.1421
48.7279
48.3137
47.8995
47.4853
47.0711
46.6569
46.2426
45.8284
48.5564
48.1421
47.7279
47.3137
46.8995
46.4853
46.0711
45.6569
45.2426
44.8284
44.4142
47.5564
47.1421
46.7279
46.3137
45.8995
45.4853
45.0711
44.6569
44.2426
43.8284
43.4142
46.5564
46.1421
45.7279
45.3137
44.8995
44.4853
44.0711
43.6569
43.2426
42.8284
42.4142
42
45.1421
44.7279
44.3137
43.8995
43.4853
43.0711
42.6569
42.2426
41.8284
41.4142
41
44.1421
43.7279
43.3137
42.8995
42.4853
42.0711
41.6569
41.2426
40.8284
40.4142
40
40
42.7279
42.3137
41.8995
41.4853
41.0711
40.6569
40.2426
39.8284
39.4142
39
39
41.3137
40.8995
40.4853
40.0711
39.6569
39.2426
38.8284
38.4142
38
38
39.8995
39.4853
39.0711
38.6569
38.2426
37.8284
37.4142
37
37
37
38.8995
38.4853
38.0711
37.6569
37.2426
36.8284
36.4142
36
36
36
37.4853
37.0711
36.6569
36.2426
35.8284
35.4142
35
35
35
35
36.4853
36.0711
35.6569
35.2426
34.8284
34.4142
34
34
34
34
34
35.0711
34.6569
34.2426
33.8284
33.4142
33
33
33
33
33
34.0711
33.6569
33.2426
32.8284
32.4142
32
32
32
32
32
32.4142
32.6569
32.2426
31.8284
31.4142
31
31
31
31
31
31.4142
31.6569
31.2426
30.8284
30.4142
30
30
30
30
30
30.4142
30.8284
30.6569
30.2426
29.8284
29.4142
29
29
29
29
29
29.4142
29.8284
29.6569
29.2426
28.8284
28.4142
28
28
28
28
28
28.4142
28.8284
29.2426
28.2426
27.8284
27.4142
27
27
27
27
27
27.4142
27.8284
28.2426
27.2426
26.8284
26.4142
26
26
26
26
26
26.4142
26.8284
27.2426
26.2426
25.8284
25.4142
25
25
25
25
25
25.4142
25.8284
26.2426
25.2426
24.8284
24.4142
24
24
24
24
24
24.4142
24.8284
25.2426
24.2426
23.8284
23.4142
23
23
23
23
23
23.4142
23.8284
24.2426
23.2426
22.8284
22.4142
22
22
22
22
22
22.4142
22.8284
23.2426
22.2426
21.8284
21.4142
21
21
21
21
21
21.4142
21.8284
21.2426
20.8284
20.4142
20
20
20
20
20
20.4142
20.8284
20.2426
19.8284
19.4142
19
19
19
19
19
19.4142
19.8284
19.2426
18.8284
18.4142
18
18
18
18
18
18.4142
18.6569
18.2426
17.8284
17.4142
17
17
17
17
17
17.4142
17.6569
17.2426
16.8284
16.4142
16
16
16
16
16
16.4142
16.6569
16.2426
15.8284
15.4142
15
15
15
15
15
16.0711
15.6569
15.2426
14.8284
14.4142
14
14
14
14
14
15.0711
14.6569
14.2426
13.8284
13.4142
13
13
13
13
13
14.0711
13.6569
13.2426
12.8284
12.4142
12
12
12
12
12
14.7279
14.3137
13.8995
13.4853
13.0711
12.6569
12.2426
13.0711
12.6569
12.2426
11.8284
11.4142
11
11
11
11
11
14.1421
13.7279
13.3137
12.8995
12.4853
12.0711
11.6569
11.2426
10.8284
10.4142
12.0711
11.6569
11.2426
10.8284
10.4142
10
10
10
10
10
10
9
9
9
9.41421
9.82843
13.7279
12.7279
12.3137
11.8995
11.4853
11.0711
10.6569
10.2426
9.82843
9.41421
9
9
10.6569
10.2426
9.82843
9.41421
9
9
9
9
9
9
8
8
8
8
8
8.41421
8.82843
9.24264
14.3137
13.3137
12.3137
11.3137
10.8995
10.4853
10.0711
9.65685
9.24264
8.82843
8.41421
8
8
8
9.65685
9.24264
8.82843
8.41421
8
8
8
8
8
8
8
7
7
7
7
7
7
7.41421
7.82843
8.24264
8.65685
13.8995
12.8995
11.8995
10.8995
9.89949
9.48528
9.07107
8.65685
8.24264
7.82843
7.41421
7
7
7
7
7
8.65685
8.24264
7.82843
7.41421
7
7
7
7
7
7
7
6
6
6
6
6
6
6
6.41421
6.82843
7.24264
7.65685
12.4853
11.4853
10.4853
9.48528
8.48528
8.07107
7.65685
7.24264
6.82843
6.41421
6
6
6
6
6
6
6
7.24264
6.82843
6.41421
6
6
6
6
6
6
6
6
5
5
5
5
5
5
5
5
5.41421
5.82843
6.24264
6.65685
12.0711
11.0711
10.0711
9.07107
8.07107
7.07107
6.65685
6.24264
5.82843
5.41421
5
5
5
5
5
5
5
5
5.82843
5.41421
5
5
5
5
5
5
5
5
5
4
4
4
4
4
4
4
4
4
4
4.41421
4.82843
5.24264
5.65685
10.6569
9.65685
8.65685
7.65685
6.65685
5.65685
5.24264
4.82843
4.41421
4
4
4
4
4
4
4
4
4
4
4.82843
4.41421
4
4
4
4
4
4
4
4
4
3
3
3
3
3
3
3
3
3
3
3
3
3.41421
3.82843
4.24264
9.24264
8.24264
7.24264
6.24264
5.24264
4.24264
3.82843
3.41421
3
3
3
3
3
3
3
3
3
3
3
3.41421
3
3
3
3
3
3
3
3
3
2
2
2
2
2
2
2
2
2
2
2
2
2
2.41421
2.82843
7.82843
6.82843
5.82843
4.82843
3.82843
2.82843
2.41421
2
2
2
2
2
2
2
2
2
2
2
2
2
2.41421
2
2
2
2
2
2
2
2
2
1
1
1
1
1
1
1
1
1
1
1
1
1
1
1
1.41421
5.41421
4.41421
3.41421
2.41421
1.41421
1
1
1
1
1
1
1
1
1
1
1
1
1
1
1.41421
1
1
1
1
1
1
1
1
1
0
0
0
0
0
0
0
0
0
0
0
0
0
0
0
0
0
0
0
0
0
0
0
0
0
0
0
0
0
0
0
0
0
0
0
0
0
0
0
0
0
0
0
0
0
0
