1
1
1
1
1
1
1
1
1
1
1
1
1
1
1
1
1
1
1
1
1
1
1
1
1
1
1
1
1
1
1
1
1
1
1
1
1
1
1
1
1
1
1
1
1
1
1
1
1
1
1
1
1
1
1
1
1
1
1
1
1
1
1
1
1
1
1
2.41421
1.41421
1
1
1
1
1
1
1
1
1
1
1
1
1
1
1
1
1
1
1
1.41421
2.41421
3.41421
4.41421
1
1
1
1
1
1
1
1
1
1
1
1
1
1
1
1
1
1
1
1
1
1
1
1.91421
1.41421
1.20711
1
1
1
1
1
1
1
1
1
1
1
1
1
1
1.20711
1.41421
1.91421
2.41421
2.91421
3.41421
3.91421
1
1
1
1
1
1
1
1
1
1
1
1
1
1
1
1
1
1
1.74755
1.41421
1.27614
1.13807
1
1
1
1
1
1
1
1
1
1
1
1
1.13807
1.27614
1.41421
1.74755
2.08088
2.41421
2.74755
3.08088
3.41421
1
1
1
1
1
1
1
1
1
1.66421
1.41421
1.31066
1.20711
1.10355
1
1
1
1
1
1
1
1
1
1
1
1.10355
1.20711
1.31066
1.41421
1.66421
1.91421
2.16421
2.41421
2.66421
2.91421
1.10355
1
1
1
1
1
1
1
1.41421
1.33137
1.24853
1.16569
1.08284
1
1
1
1
1
1
1
1
1
1.08284
1.16569
1.24853
1.33137
1.41421
1.61421
1.81421
2.01421
2.21421
2.41421
2.61421
1.16569
1.08284
1
1
1
1
1
1
1.34518
1.27614
1.20711
1.13807
1.06904
1
1
1
1
1
1
1
1.06904
1.13807
1.20711
1.27614
1.34518
1.41421
1.58088
1.74755
1.91421
2.08088
2.24755
2.41421
1.20711
1.13807
1.06904
1
1
1
1
1.29587
1.23669
1.17752
1.11835
1.05917
1
1
1
1
1
1
1.05917
1.11835
1.17752
1.23669
1.29587
1.35504
1.41421
1.55707
1.69993
1.84278
1.98564
2.1285
2.27136
1.37955
1.23669
1.17752
1.11835
1.05917
1
1
1.25888
1.20711
1.15533
1.10355
1.05178
1
1
1
1
1.10355
1.15533
1.20711
1.25888
1.31066
1.36244
1.41421
1.53921
1.66421
1.78921
1.91421
2.03921
2.16421
1.38388
1.25888
1.20711
1.15533
1.10355
1.05178
1
1.18409
1.13807
1.09205
1.04602
1
1
1
1.13807
1.18409
1.23012
1.27614
1.32217
1.36819
1.41421
1.52532
1.63644
1.74755
1.85866
1.96977
2.08088
2.19199
1.60948
1.49836
1.38725
1.27614
1.23012
1.18409
1.13807
1.09205
1.04602
1.04142
5.98406
5.88406
1.24853
1.28995
1.33137
1.37279
1.41421
1.51421
1.61421
1.71421
1.81421
1.91421
2.01421
2.11421
1.68995
1.58995
1.48995
1.38995
1.28995
1.24853
1.20711
1.16569
1.12426
1.08284
5.67513
5.58422
5.49331
5.4024
5.31149
5.22058
5.18293
5.14527
1.30125
1.3389
1.37656
1.41421
1.50512
1.59603
1.68694
1.77785
1.86876
1.95967
2.05058
2.14149
2.11943
2.02852
1.93761
1.8467
1.75579
1.66488
1.57397
1.48306
1.39216
1.30125
1.26359
1.22593
1.18828
1.15062
1.11297
5.33435
5.25102
5.16768
5.08435
5.00102
4.91768
4.83435
4.75102
4.66768
4.63317
4.59865
1.34518
1.3797
1.41421
1.49755
1.58088
1.66421
1.74755
1.83088
1.91421
1.99755
1.97733
1.89399
1.81066
1.72733
1.64399
1.56066
1.47733
1.39399
1.31066
1.27614
1.24162
1.20711
1.17259
1.13807
4.96908
4.89215
4.81523
4.73831
4.66138
4.58446
4.50754
4.43061
4.35369
4.27677
4.19985
4.16798
1.38235
1.41421
1.49114
1.56806
1.64498
1.72191
1.79883
1.87575
1.85709
1.78016
1.70324
1.62632
1.54939
1.47247
1.39555
1.31863
1.28676
1.2549
1.22304
1.19118
1.15931
4.65598
4.58455
4.51313
4.4417
4.37027
4.29884
4.22741
4.15598
4.08456
4.01313
3.9417
3.87027
3.79884
3.76925
1.48564
1.55707
1.6285
1.69993
1.77136
1.75402
1.6826
1.61117
1.53974
1.46831
1.39688
1.32545
1.29587
1.26628
1.23669
1.20711
1.17752
4.4513
4.38464
4.31797
4.2513
4.18464
4.11797
4.0513
3.98464
3.91797
3.8513
3.78464
3.71797
3.6513
3.58464
3.51797
3.4513
3.42369
1.61421
1.68088
1.6647
1.59804
1.53137
1.4647
1.39804
1.33137
1.30376
1.27614
1.24853
1.22091
1.1933
4.20971
4.14721
4.08471
4.02221
3.95971
3.89721
3.83471
3.77221
3.70971
3.64721
3.58471
3.52221
3.45971
3.39721
3.33471
3.27221
3.20971
3.14721
1.60171
1.58655
1.52405
1.46155
1.39905
1.33655
1.31066
1.28477
1.25888
1.23299
1.20711
3.99654
3.93771
3.87889
3.82007
3.76124
3.70242
3.6436
3.58477
3.52595
3.46713
3.4083
3.34948
3.29065
3.23183
3.17301
3.11418
3.05536
2.99654
2.93771
2.87889
1.56632
1.51759
1.45876
1.39994
1.34112
1.31675
1.29239
1.26802
1.24365
1.21929
3.90863
3.85307
3.79752
3.74196
3.68641
3.63085
3.5753
3.51974
3.46419
3.40863
3.08483
3.02927
2.97372
2.91816
2.86261
2.80705
2.7515
2.69594
2.64038
1.45629
1.40073
1.34518
1.32217
1.29915
1.27614
1.25313
1.23012
1.20711
3.77734
3.72471
3.67208
3.61945
3.56682
3.51419
3.46156
3.40892
3.35629
2.84804
2.79541
2.74277
2.69014
2.63751
2.58488
2.53225
2.47962
2.42698
1.40144
1.34881
1.32701
1.30521
1.28341
1.26161
1.23981
1.21801
3.65919
3.60919
3.55919
3.50919
3.45919
3.40919
3.35919
3.30919
3.25919
3.23848
2.63492
2.58492
2.53492
2.48492
2.43492
2.38492
2.33492
2.28492
2.23492
1.93492
1.40208
1.35208
1.33137
1.31066
1.28995
1.26924
1.24853
1.22782
4.95495
4.90733
4.85971
4.83998
3.55228
3.50467
3.45705
3.40943
3.36181
3.31419
3.26657
3.21895
3.17133
3.15161
2.48973
2.44211
2.39449
2.34687
2.29925
2.25163
2.20401
2.15639
2.10877
2.06116
2.01354
1.96592
1.9183
1.87068
1.82306
1.77544
1.72782
1.6802
1.63258
1.58497
1.45028
1.40266
1.35504
1.33532
1.31559
1.29587
1.27614
1.25642
1.23669
1.21697
4.71089
4.66544
4.61998
4.57453
4.5557
4.53687
3.4551
3.40965
3.36419
3.31874
3.27328
3.22783
3.18237
3.13692
3.09146
3.07264
2.35773
2.31228
2.26682
2.22137
2.17591
2.13046
2.085
2.03955
1.99409
1.94864
1.90318
1.85773
1.81228
1.76682
1.72137
1.67591
1.63046
1.585
1.53955
1.49409
1.44864
1.40318
1.35773
1.3389
1.32007
1.30125
1.28242
1.26359
1.24476
1.22593
4.48806
4.44458
4.40111
4.35763
4.31415
4.29614
4.27813
3.32289
3.27941
3.23593
3.19245
3.14897
3.1055
3.06202
3.01854
3.00053
2.98252
2.27323
2.22975
2.18627
2.14279
2.09932
2.05584
2.01236
1.96888
1.9254
1.88192
1.83845
1.79497
1.75149
1.70801
1.66453
1.62105
1.57758
1.5341
1.49062
1.44714
1.40366
1.36019
1.34218
1.32417
1.30616
1.28815
1.27014
1.25213
1.23412
4.2838
4.24213
4.20047
4.1588
4.11713
4.07547
4.05821
4.04095
3.24336
3.20169
3.16003
3.11836
3.07669
3.03503
2.99336
2.95169
2.93443
2.91717
2.19577
2.1541
2.11244
2.07077
2.0291
1.98744
1.94577
1.9041
1.69577
1.6541
1.61244
1.57077
1.5291
1.48744
1.44577
1.4041
1.36244
1.34518
1.32792
1.31066
1.2934
1.27614
1.25888
1.24162
1.22437
4.09588
4.05588
4.01588
3.97588
3.93588
3.89588
3.85588
3.83931
3.13019
3.09019
3.05019
3.01019
2.97019
2.93019
2.89019
2.87363
2.85706
2.84049
2.16451
2.12451
2.08451
2.04451
2.00451
1.96451
1.92451
1.88451
1.60451
1.56451
1.52451
1.48451
1.44451
1.40451
1.36451
1.34794
1.33137
1.3148
1.29823
1.28167
1.2651
1.24853
1.23196
3.92241
3.88395
3.84549
3.80703
3.76857
3.73011
3.69165
3.65318
3.63725
3.06419
3.02573
2.98727
2.94881
2.91035
2.87189
2.83343
2.81749
2.80156
2.78563
2.13565
2.09719
2.05873
2.02027
1.9818
1.94334
1.90488
1.86642
1.52027
1.4818
1.44334
1.40488
1.36642
1.35049
1.33456
1.31863
1.30269
1.28676
1.27083
1.2549
1.23897
3.7618
3.72476
3.68772
3.65069
3.61365
3.57661
3.53958
3.50254
3.4655
3.00308
2.96605
2.92901
2.89197
2.85494
2.8179
2.78086
2.76552
2.75018
2.73484
2.7195
2.10893
2.07189
2.03486
1.99782
1.96078
1.92375
1.88671
1.84967
1.83433
1.44226
1.40523
1.36819
1.35285
1.33751
1.32217
1.30682
1.29148
1.27614
1.2608
1.24546
3.61266
3.57694
3.54123
3.50551
3.4698
3.43408
3.39837
3.36266
3.32694
3.29123
2.94634
2.91062
2.87491
2.8392
2.80348
2.76777
2.73205
2.71726
2.70247
2.68767
2.67288
2.08412
2.0484
2.01269
1.97698
1.94126
1.90555
1.86983
1.83412
1.81933
1.35504
1.34025
1.32545
1.31066
1.29587
1.28107
1.26628
1.25149
3.4738
3.43932
3.40483
3.37035
3.33587
3.30138
3.2669
3.23242
3.19794
3.16345
3.12897
3.09449
2.92799
2.89351
2.85902
2.82454
2.79006
2.75558
2.72109
2.68661
2.67233
2.65804
2.64376
2.62948
2.06102
2.02654
1.99205
1.95757
1.92309
1.88861
1.85412
1.81964
1.80536
1.79107
3.21086
3.17753
3.1442
3.11086
3.07753
3.0442
3.01086
2.97753
2.9442
2.91086
2.87753
2.8442
2.81086
2.77753
2.7442
2.71086
2.67753
2.6442
2.63039
2.61658
2.60278
2.58897
2.03946
2.00613
1.97279
1.93946
1.90613
1.87279
1.83946
1.80613
1.79232
1.77851
3.02388
2.99162
2.95936
2.9271
2.89484
2.86259
2.83033
2.79807
2.76581
2.73355
2.70129
2.66904
2.63678
2.60452
2.59116
2.5778
2.56444
2.55107
2.01929
1.98703
1.95477
1.92252
1.89026
1.858
1.82574
1.79348
1.78012
1.76676
1.7534
2.91107
2.87982
2.84857
2.81732
2.78607
2.75482
2.72357
2.69232
2.66107
2.62982
2.59857
2.56732
2.55438
2.54144
2.52849
2.51555
2.00038
1.96913
1.93788
1.90663
1.87538
1.84413
1.81288
1.78163
1.76869
1.75574
1.7428
2.80511
2.77481
2.7445
2.7142
2.6839
2.65359
2.62329
2.59299
2.56268
2.53238
2.51983
2.50728
2.49472
2.48217
1.95232
1.92201
1.89171
1.86141
1.8311
1.8008
1.7705
1.75795
1.74539
1.73284
2.70538
2.67596
2.64655
2.61714
2.58773
2.55832
2.52891
2.49949
2.48731
2.47513
2.46295
2.45076
1.93649
1.90708
1.87767
1.84825
1.81884
1.78943
1.76002
1.74784
2.61134
2.58277
2.5542
2.52563
2.49706
2.46849
2.45665
2.44482
2.43298
2.42115
1.92157
1.893
1.86442
1.83585
1.80728
1.77871
1.75014
1.7383
2.52253
2.49476
2.46698
2.4392
2.42769
2.41619
2.40468
2.39318
1.90747
1.8797
1.85192
1.82414
1.79636
1.76858
1.74081
2.4115
2.4003
2.38911
2.37791
1.89414
1.86712
1.84009
1.81306
1.78603
1.75901
1.73198
1.72079
1.90783
1.88151
1.8552
1.82888
1.80257
1.77625
1.74993
1.72362
1.71272
1.89517
1.86953
1.84389
1.81825
1.79261
1.76697
1.74133
1.71568
1.70506
1.88315
1.85815
1.83315
1.80815
1.78315
1.75815
1.73315
1.70815
1.69779
1.68744
1.87171
1.84732
1.82293
1.79854
1.77415
1.74976
1.72537
1.70098
1.69088
1.68077
1.86082
1.83701
1.8132
1.78939
1.76558
1.74177
1.71796
1.69415
1.68429
1.67443
1.66456
1.82718
1.80392
1.78066
1.75741
1.73415
1.7109
1.68764
1.67801
1.66838
1.65874
1.79506
1.77234
1.74961
1.72688
1.70415
1.68143
1.67201
1.6626
1.65318
1.64377
1.7866
1.76438
1.74216
1.71993
1.69771
1.67549
1.66628
1.65708
1.64787
1.63867
1.62946
1.75677
1.73503
1.71329
1.69155
1.66981
1.6608
1.6518
1.64279
1.63379
1.62479
1.61578
1.7282
1.70692
1.68565
1.66437
1.65556
1.64674
1.63793
1.62912
1.62031
1.61149
1.67999
1.65916
1.65053
1.6419
1.63327
1.62464
1.61601
1.60738
1.59875
1.65416
1.64571
1.63725
1.6288
1.62035
1.61189
1.60344
1.59499
1.58653
1.64108
1.63279
1.62451
1.61622
1.60794
1.59966
1.59137
1.58309
1.5748
1.62851
1.62039
1.61226
1.60414
1.59602
1.5879
1.57978
1.57165
1.56353
1.60845
1.60049
1.59252
1.58456
1.57659
1.56863
1.56066
1.55269
1.59697
1.58916
1.58134
1.57353
1.56571
1.5579
1.55008
1.57825
1.57058
1.56291
1.55524
1.54757
