1.1 262
1.2 263
1.3 264
1.4 265
1.5 266
1.6 267
1.7 268
1.8 269
1.9 270
2 2063
2.1 2064
2.2 2065
2.3 2066
2.4 2067
2.5 2068
2.6 2069
2.7 2070
2.8 2071
2.9 2072
3 2921
3.1 2922
3.2 2923
3.3 2924
3.4 2925
3.5 2926
3.6 2927
3.7 2928
3.8 2929
3.9 2930
4 3149
4.1 3150
4.2 3151
4.3 3152
4.4 3153
4.5 3154
4.6 3155
4.7 3156
4.8 3157
4.9 3158
5 3159
5.1 3252
5.2 3253
5.3 3254
5.4 3255
5.5 3256
5.6 3257
5.7 3258
5.8 3259
5.9 3260
6 3261
6.1 3302
6.2 3303
6.3 3304
6.4 3305
6.5 3306
6.6 3307
6.7 3308
6.8 3309
6.9 3310
7 3311
7.1 3321
7.2 3322
7.3 3323
7.4 3324
7.5 3325
7.6 3326
7.7 3327
7.8 3328
7.9 3329
8 3330
8.1 3336
8.2 3337
8.3 3338
8.4 3339
8.5 3340
8.6 3341
8.7 3342
8.8 3343
8.9 3344
9 3345
9.1 3349
9.2 3350
9.3 3351
9.4 3352
9.5 3353
9.6 3354
9.7 3355
9.8 3356
9.9 3357
10 3358
10.1 3359
10.2 3360
10.3 3361
10.4 3362
10.5 3363
10.6 0
10.7 0
10.8 0
10.9 0
11 0
11.1 0
11.2 0
11.3 0
11.4 0
11.5 0
11.6 0
11.7 0
11.8 0
11.9 0
12 0
12.1 0
12.2 0
12.3 0
12.4 0
12.5 0
12.6 0
12.7 0
12.8 0
12.9 0
13 0
13.1 3363
