1.1 193.937
1.2 0.859393
1.3 0.845371
1.4 0.831521
1.5 0.817842
1.6 0.804334
1.7 0.790995
1.8 0.777825
1.9 0.764822
2 502.326
2.1 0.739314
2.2 0.726807
2.3 0.714463
2.4 0.702281
2.5 0.69026
2.6 0.678398
2.7 0.666695
2.8 0.65515
2.9 0.643761
3 157.499
3.1 0.621447
3.2 0.61052
3.3 0.599744
3.4 0.589118
3.5 0.578641
3.6 0.568312
3.7 0.55813
3.8 0.548092
3.9 0.538199
4 88.2509
4.1 0.51884
4.2 0.509371
4.3 0.500041
4.4 0.490848
4.5 0.481792
4.6 0.472871
4.7 0.464084
4.8 0.455429
4.9 0.446905
5 0.438511
5.1 24.9542
5.2 0.422106
5.3 0.414094
5.4 0.406206
5.5 0.398441
5.6 0.390798
5.7 0.383276
5.8 0.375873
5.9 0.368588
6 0.361419
6.1 2.1262
6.2 -491.61
6.3 0
6.4 0
6.5 0
6.6 0
6.7 0
6.8 0
6.9 0
7 0
7.1 410.203
