1
1
1
1
1
1
1
1
1
1
1
1
1
1
1
1
1
1.41297
1.41711
1.42125
1.42539
1.42953
1.43368
1.43782
1.44196
1.4461
1.45024
1.45439
1.45853
1.46267
1.46681
1.47096
1.48096
1.49096
1.50096
1.51096
1.52096
1.53096
1.16154
1.1574
1.15326
1.14912
1.14498
1.14083
1.13669
1.13255
1.12841
1.12426
1.12012
1.11598
1.11184
1.1077
1.10355
1.09941
1.09527
1.09113
1.08699
1.08284
1.0787
1.07456
1.07042
1.06627
1
1
1
1
1
1
1
1
1
1
1
1
1
1
1
1
1
1.41714
1.42132
1.4255
1.42969
1.43387
1.43806
1.44224
1.44642
1.45061
1.45479
1.45898
1.46316
1.46734
1.47153
1.48163
1.49173
1.50183
1.51193
1.52203
1.53213
1.54224
1.16318
1.15899
1.15481
1.15062
1.14644
1.14226
1.13807
1.13389
1.1297
1.12552
1.12134
1.11715
1.11297
1.10878
1.1046
1.10042
1.09623
1.09205
1.08786
1.08368
1.0795
1.07531
1.07113
1.06694
1
1
1
1
1
1
1
1
1
1
1
1
1
1
1
1
1
1.42139
1.42562
1.42985
1.43407
1.4383
1.44253
1.44675
1.45098
1.45521
1.45943
1.46366
1.46789
1.47211
1.48232
1.49252
1.50273
1.51293
1.52313
1.53334
1.54354
1.55375
1.16907
1.16484
1.16061
1.15639
1.15216
1.14793
1.14371
1.13948
1.13525
1.13103
1.1268
1.12257
1.11835
1.11412
1.10989
1.10567
1.10144
1.09721
1.09299
1.08876
1.08453
1.08031
1.07608
1.07185
1.06763
1
1
1
1
1
1
1
1
1
1
1
1
1
1
1
1
1
1.42574
1.43001
1.43428
1.43855
1.44282
1.44709
1.45136
1.45563
1.4599
1.46417
1.46844
1.47271
1.48302
1.49333
1.50364
1.51395
1.52426
1.53457
1.54488
1.55518
1.56549
1.17081
1.16654
1.16227
1.158
1.15373
1.14946
1.14519
1.14092
1.13665
1.13238
1.12811
1.12384
1.11957
1.1153
1.11103
1.10676
1.10249
1.09822
1.09395
1.08968
1.08541
1.08113
1.07686
1.07259
1.06832
1
1
1
1
1
1
1
1
1
1
1
1
1
1
1
1
1
1.43017
1.43449
1.4388
1.44312
1.44743
1.45175
1.45606
1.46038
1.46469
1.469
1.47332
1.48374
1.49415
1.50457
1.51499
1.5254
1.53582
1.54624
1.55665
1.56707
1.57749
1.17259
1.16827
1.16396
1.15965
1.15533
1.15102
1.1467
1.14239
1.13807
1.13376
1.12944
1.12513
1.12081
1.1165
1.11218
1.10787
1.10355
1.09924
1.09492
1.09061
1.08629
1.08198
1.07767
1.07335
1.06904
1
1
1
1
1
1
1
1
1
1
1
1
1
1
1
1
1
1.4347
1.43906
1.44342
1.44778
1.45214
1.4565
1.46086
1.46522
1.46958
1.47394
1.48447
1.49499
1.50552
1.51605
1.52657
1.5371
1.54763
1.55815
1.56868
1.57921
1.58973
1.17441
1.17005
1.16569
1.16133
1.15697
1.15261
1.14825
1.14389
1.13952
1.13516
1.1308
1.12644
1.12208
1.11772
1.11336
1.109
1.10464
1.10028
1.09592
1.09156
1.0872
1.08284
1.07848
1.07412
1.06976
1
1
1
1
1
1
1
1
1
1
1
1
1
1
1
1
1
1.43492
1.43932
1.44373
1.44814
1.45254
1.45695
1.46136
1.46576
1.47017
1.47458
1.48522
1.49585
1.50649
1.51713
1.52777
1.53841
1.54905
1.55968
1.57032
1.58096
1.5916
1.60224
1.17626
1.17186
1.16745
1.16304
1.15864
1.15423
1.14982
1.14542
1.14101
1.1366
1.1322
1.12779
1.12338
1.11898
1.11457
1.11016
1.10576
1.10135
1.09694
1.09254
1.08813
1.08372
1.07932
1.07491
1.0705
1
1
1
1
1
1
1
1
1
1
1
1
1
1
1
1
1
1.43959
1.44405
1.4485
1.45296
1.45741
1.46186
1.46632
1.47077
1.47523
1.48598
1.49673
1.50748
1.51824
1.52899
1.53974
1.5505
1.56125
1.572
1.58275
1.59351
1.60426
1.61501
1.18261
1.17816
1.1737
1.16925
1.1648
1.16034
1.15589
1.15143
1.14698
1.14253
1.13807
1.13362
1.12916
1.12471
1.12026
1.1158
1.11135
1.10689
1.10244
1.09799
1.09353
1.08908
1.08462
1.08017
1.07572
1.07126
1
1
1
1
1
1
1
1
1
1
1
1
1
1
1
1
1
1.44437
1.44888
1.45338
1.45788
1.46238
1.46688
1.47139
1.47589
1.48676
1.49763
1.5085
1.51937
1.53024
1.54111
1.55198
1.56285
1.57372
1.58459
1.59545
1.60632
1.61719
1.62806
1.1846
1.18009
1.17559
1.17109
1.16659
1.16208
1.15758
1.15308
1.14858
1.14407
1.13957
1.13507
1.13057
1.12607
1.12156
1.11706
1.11256
1.10806
1.10355
1.09905
1.09455
1.09005
1.08554
1.08104
1.07654
1.07204
1.06753
1
1
1
1
1
1
1
1
1
1
1
1
1
1
1
1
1
1.01366
1.44926
1.45381
1.45836
1.46291
1.46746
1.47202
1.47657
1.48756
1.49855
1.50953
1.52052
1.53151
1.5425
1.55349
1.56448
1.57547
1.58646
1.59745
1.60844
1.61942
1.63041
1.6414
1.18662
1.18207
1.17752
1.17297
1.16842
1.16387
1.15931
1.15476
1.15021
1.14566
1.14111
1.13655
1.132
1.12745
1.1229
1.11835
1.1138
1.10924
1.10469
1.10014
1.09559
1.09104
1.08648
1.08193
1.07738
1.07283
1.06828
1
1
1
1
1
1
1
1
1
1
1
1
1
1
1
1
1
1.01381
1.44965
1.45425
1.45885
1.46345
1.46806
1.47266
1.47726
1.48837
1.49948
1.51059
1.5217
1.53282
1.54393
1.55504
1.56615
1.57726
1.58837
1.59948
1.61059
1.6217
1.63282
1.64393
1.65504
1.1933
1.1887
1.1841
1.17949
1.17489
1.17029
1.16569
1.16108
1.15648
1.15188
1.14728
1.14267
1.13807
1.13347
1.12887
1.12426
1.11966
1.11506
1.11046
1.10585
1.10125
1.09665
1.09205
1.08745
1.08284
1.07824
1.07364
1.06904
1
1
1
1
1
1
1
1
1
1
1
1
1
1
1
1
1
1.01396
1.4547
1.45935
1.46401
1.46866
1.47331
1.47797
1.4892
1.50044
1.51168
1.52291
1.53415
1.54538
1.55662
1.56786
1.57909
1.59033
1.60156
1.6128
1.62404
1.63527
1.64651
1.65774
1.66898
1.20013
1.19547
1.19082
1.18616
1.18151
1.17686
1.1722
1.16755
1.16289
1.15824
1.15359
1.14893
1.14428
1.13962
1.13497
1.13031
1.12566
1.12101
1.11635
1.1117
1.10704
1.10239
1.09774
1.09308
1.08843
1.08377
1.07912
1.07447
1.06981
1
1
1
1
1
1
1
1
1
1
1
1
1
1
1
1
1
1.01412
1.45986
1.46457
1.46928
1.47399
1.47869
1.49006
1.50142
1.51278
1.52415
1.53551
1.54687
1.55824
1.5696
1.58097
1.59233
1.60369
1.61506
1.62642
1.63778
1.64915
1.66051
1.67187
1.68324
1.2024
1.19769
1.19299
1.18828
1.18357
1.17887
1.17416
1.16945
1.16474
1.16004
1.15533
1.15062
1.14592
1.14121
1.1365
1.1318
1.12709
1.12238
1.11767
1.11297
1.10826
1.10355
1.09885
1.09414
1.08943
1.08473
1.08002
1.07531
1.0706
1
1
1
1
1
1
1
1
1
1
1
1
1
1
1
1
1
1.01428
1.01904
1.46039
1.46515
1.46991
1.47467
1.47943
1.49093
1.50242
1.51392
1.52541
1.53691
1.5484
1.55989
1.57139
1.58288
1.59438
1.60587
1.61736
1.62886
1.64035
1.65185
1.66334
1.67484
1.68633
1.69782
1.70932
1.20949
1.20473
1.19997
1.1952
1.19044
1.18568
1.18092
1.17616
1.1714
1.16664
1.16188
1.15712
1.15235
1.14759
1.14283
1.13807
1.13331
1.12855
1.12379
1.11903
1.11427
1.1095
1.10474
1.09998
1.09522
1.09046
1.0857
1.08094
1.07618
1.07142
1.06666
1
1
1
1
1
1
1
1
1
1
1
1
1
1
1
1
1
1.01445
1.01927
1.46574
1.47056
1.47538
1.48019
1.49182
1.50345
1.51508
1.5267
1.53833
1.54996
1.56159
1.57322
1.58484
1.59647
1.6081
1.61973
1.63136
1.64298
1.65461
1.66624
1.67787
1.68949
1.70112
1.71275
1.72438
1.21674
1.21192
1.20711
1.20229
1.19747
1.19266
1.18784
1.18303
1.17821
1.17339
1.16858
1.16376
1.15894
1.15413
1.14931
1.14449
1.13968
1.13486
1.13004
1.12523
1.12041
1.11559
1.11078
1.10596
1.10115
1.09633
1.09151
1.0867
1.08188
1.07706
1.07225
1.06743
1
1
1
1
1
1
1
1
1
1
1
1
1
1
1
1
1
1.01462
1.01949
1.46635
1.47122
1.4761
1.48097
1.49273
1.5045
1.51626
1.52803
1.53979
1.55156
1.56332
1.57509
1.58685
1.59862
1.61038
1.62214
1.63391
1.64567
1.65744
1.6692
1.68097
1.69273
1.7045
1.71626
1.72803
1.73979
1.22416
1.21929
1.21442
1.20954
1.20467
1.1998
1.19492
1.19005
1.18518
1.18031
1.17543
1.17056
1.16569
1.16081
1.15594
1.15107
1.14619
1.14132
1.13645
1.13157
1.1267
1.12183
1.11695
1.11208
1.10721
1.10234
1.09746
1.09259
1.08772
1.08284
1.07797
1.0731
1.06822
1
1
1
1
1
1
1
1
1
1
1
1
1
1
1
1
1
1.01479
1.01972
1.02466
1.4719
1.47683
1.48176
1.49367
1.50557
1.51748
1.52938
1.54129
1.55319
1.5651
1.577
1.58891
1.60081
1.61272
1.62462
1.63653
1.64843
1.66033
1.67224
1.68414
1.69605
1.70795
1.71986
1.73176
1.74367
1.75557
1.23176
1.22683
1.2219
1.21697
1.21204
1.20711
1.20218
1.19725
1.19231
1.18738
1.18245
1.17752
1.17259
1.16766
1.16273
1.1578
1.15286
1.14793
1.143
1.13807
1.13314
1.12821
1.12328
1.11835
1.11342
1.10848
1.10355
1.09862
1.09369
1.08876
1.08383
1.0789
1.07397
1.06904
1
1
1
1
1
1
1
1
1
1
1
1
1
1
1
1
1.00998
1.01497
1.01996
1.02495
1.4726
1.47759
1.48258
1.49463
1.50667
1.51872
1.53077
1.54282
1.55487
1.56691
1.57896
1.59101
1.60306
1.61511
1.62716
1.6392
1.65125
1.6633
1.67535
1.6874
1.69944
1.71149
1.72354
1.73559
1.74764
1.75969
1.77173
1.23955
1.23456
1.22956
1.22457
1.21958
1.21459
1.2096
1.20461
1.19962
1.19463
1.18964
1.18465
1.17966
1.17467
1.16968
1.16469
1.1597
1.15471
1.14972
1.14473
1.13974
1.13474
1.12975
1.12476
1.11977
1.11478
1.10979
1.1048
1.09981
1.09482
1.08983
1.08484
1.07985
1.07486
1.06987
1.06488
1
1
1
1
1
1
1
1
1
1
1
1
1
1
1
1
1.0101
1.01515
1.02021
1.02526
1.03031
1.47836
1.48341
1.49561
1.5078
1.52
1.53219
1.54439
1.55658
1.56878
1.58097
1.59317
1.60536
1.61756
1.62975
1.64195
1.65414
1.66634
1.67853
1.69073
1.70292
1.71512
1.72731
1.73951
1.7517
1.7639
1.77609
1.78829
1.24752
1.24247
1.23742
1.23236
1.22731
1.22226
1.21721
1.21216
1.20711
1.20206
1.197
1.19195
1.1869
1.18185
1.1768
1.17175
1.1667
1.16164
1.15659
1.15154
1.14649
1.14144
1.13639
1.13134
1.12628
1.12123
1.11618
1.11113
1.10608
1.10103
1.09598
1.09093
1.08587
1.08082
1.07577
1.07072
1.06567
1
1
1
1
1
1
1
1
1
1
1
1
1
1
1
1
1.01023
1.01534
1.02046
1.02557
1.03068
1.47915
1.48426
1.49661
1.50896
1.5213
1.53365
1.54599
1.55834
1.57068
1.58303
1.59538
1.60772
1.62007
1.63241
1.64476
1.6571
1.66945
1.6818
1.69414
1.70649
1.71883
1.73118
1.74352
1.75587
1.76822
1.78056
1.79291
1.80525
1.25569
1.25057
1.24546
1.24035
1.23523
1.23012
1.22501
1.21989
1.21478
1.20966
1.20455
1.19944
1.19432
1.18921
1.1841
1.17898
1.17387
1.16875
1.16364
1.15853
1.15341
1.1483
1.14319
1.13807
1.13296
1.12784
1.12273
1.11762
1.1125
1.10739
1.10228
1.09716
1.09205
1.08693
1.08182
1.07671
1.07159
1.06648
1
1
1
1
1
1
1
1
1
1
1
1
1
1
1
1
1.01036
1.01553
1.02071
1.02589
1.03107
1.03624
1.47996
1.48514
1.49764
1.51014
1.52264
1.53514
1.54764
1.56014
1.57264
1.58514
1.59764
1.61014
1.62264
1.63514
1.64764
1.66014
1.67264
1.68514
1.69764
1.71014
1.72264
1.73514
1.74764
1.76014
1.77264
1.78514
1.79764
1.81014
1.82264
1.27656
1.26406
1.25888
1.25371
1.24853
1.24335
1.23817
1.233
1.22782
1.22264
1.21746
1.21229
1.20711
1.20193
1.19675
1.19157
1.1864
1.18122
1.17604
1.17086
1.16569
1.16051
1.15533
1.15015
1.14498
1.1398
1.13462
1.12944
1.12426
1.11909
1.11391
1.10873
1.10355
1.09838
1.0932
1.08802
1.08284
1.07767
1.07249
1.06731
1.06213
1
1
1
1
1
1
1
1
1
1
1
1
1
1
1
1
1.01049
1.01573
1.02097
1.02622
1.03146
1.0367
1.4808
1.48604
1.4987
1.51135
1.52401
1.53667
1.54933
1.56199
1.57465
1.5873
1.59996
1.61262
1.62528
1.63794
1.6506
1.66325
1.67591
1.68857
1.70123
1.71389
1.72654
1.7392
1.75186
1.76452
1.77718
1.78984
1.80249
1.81515
1.82781
1.84047
1.31279
1.30014
1.28748
1.27482
1.26216
1.25692
1.25167
1.24643
1.24119
1.23595
1.2307
1.22546
1.22022
1.21497
1.20973
1.20449
1.19924
1.194
1.18876
1.18351
1.17827
1.17303
1.16778
1.16254
1.1573
1.15205
1.14681
1.14157
1.13632
1.13108
1.12584
1.12059
1.11535
1.11011
1.10486
1.09962
1.09438
1.08913
1.08389
1.07865
1.07341
1.06816
1.06292
1
1
1
1
1
1
1
1
1
1
1
1
1
1
1
1
1.01062
1.01593
1.02124
1.02655
1.03186
1.03717
1.04248
1.48165
1.48696
1.49978
1.5126
1.52542
1.53824
1.55106
1.56388
1.5767
1.58952
1.60234
1.61516
1.62798
1.64081
1.65363
1.66645
1.67927
1.69209
1.70491
1.71773
1.73055
1.74337
1.75619
1.76901
1.78183
1.79465
1.80747
1.82029
1.83311
1.84593
1.85875
1.34996
1.33713
1.32431
1.31149
1.29867
1.28585
1.27303
1.26021
1.2549
1.24959
1.24428
1.23897
1.23366
1.22835
1.22304
1.21773
1.21242
1.20711
1.2018
1.19649
1.19118
1.18587
1.18056
1.17524
1.16993
1.16462
1.15931
1.154
1.14869
1.14338
1.13807
1.13276
1.12745
1.12214
1.11683
1.11152
1.10621
1.1009
1.09559
1.09028
1.08497
1.07966
1.07435
1.06904
1.06373
1.05841
1
1
1
1
1
1
1
1
1
1
1
1
1
1
1
1
1.01076
1.01614
1.02152
1.0269
1.03228
1.03766
1.04304
1.04841
1.4879
1.50089
1.51388
1.52686
1.53985
1.55284
1.56583
1.57881
1.5918
1.60479
1.61777
1.63076
1.64375
1.65674
1.66972
1.68271
1.6957
1.70868
1.72167
1.73466
1.74764
1.76063
1.77362
1.78661
1.79959
1.81258
1.82557
1.83855
1.85154
1.86453
1.87751
1.40107
1.38808
1.37509
1.36211
1.34912
1.33613
1.32315
1.31016
1.29717
1.28419
1.2712
1.25821
1.25283
1.24745
1.24207
1.23669
1.23131
1.22594
1.22056
1.21518
1.2098
1.20442
1.19904
1.19366
1.18828
1.1829
1.17752
1.17214
1.16676
1.16138
1.156
1.15062
1.14524
1.13986
1.13449
1.12911
1.12373
1.11835
1.11297
1.10759
1.10221
1.09683
1.09145
1.08607
1.08069
1.07531
1.06993
1.06455
1.05917
1.0109
1
1
1
1
1
1
1
1
1
1
1
1
1
1
1
1
1.0109
1.01635
1.0218
1.02725
1.0327
1.03815
1.0436
1.04905
1.0545
1.47572
1.48887
1.50203
1.51519
1.52835
1.54151
1.55466
1.56782
1.58098
1.59414
1.60729
1.62045
1.63361
1.64677
1.65993
1.67308
1.68624
1.6994
1.71256
1.72572
1.73887
1.75203
1.76519
1.77835
1.79151
1.80466
1.81782
1.83098
1.84414
1.85729
1.87045
1.88361
1.89677
1.45353
1.44037
1.42721
1.41405
1.4009
1.38774
1.37458
1.36142
1.34826
1.33511
1.32195
1.30879
1.29563
1.28247
1.26932
1.25616
1.25071
1.24526
1.23981
1.23436
1.22891
1.22346
1.21801
1.21256
1.20711
1.20166
1.19621
1.19076
1.18531
1.17986
1.17441
1.16896
1.16351
1.15806
1.15261
1.14716
1.1417
1.13625
1.1308
1.12535
1.1199
1.11445
1.109
1.10355
1.0981
1.09265
1.0872
1.08175
1.0763
1.07085
1.0654
1.05995
1.01105
1
1
1
1
1
1
1
1
1
1
1
1
1
1
1
1
1.01105
1.01657
1.02209
1.02761
1.03314
1.03866
1.04418
1.04971
1.05523
1.06075
1.47654
1.48987
1.5032
1.51654
1.52987
1.5432
1.55654
1.56987
1.5832
1.59654
1.60987
1.6232
1.63654
1.64987
1.6632
1.67654
1.68987
1.7032
1.71654
1.72987
1.7432
1.75654
1.76987
1.7832
1.79654
1.80987
1.8232
1.83654
1.84987
1.8632
1.87654
1.88987
1.9032
1.91654
1.47441
1.48774
1.48072
1.46739
1.45405
1.44072
1.42739
1.41405
1.40072
1.38739
1.37405
1.36072
1.34739
1.33405
1.32072
1.30739
1.29405
1.28072
1.26739
1.25405
1.24853
1.24301
1.23748
1.23196
1.22644
1.22091
1.21539
1.20987
1.20435
1.19882
1.1933
1.18778
1.18225
1.17673
1.17121
1.16569
1.16016
1.15464
1.14912
1.14359
1.13807
1.13255
1.12703
1.1215
1.11598
1.11046
1.10493
1.09941
1.09389
1.08837
1.08284
1.07732
1.0718
1.06627
1.06075
1.05523
1.0112
1
1
1
1
1
1
1
1
1
1
1
1
1
1
1
1
1.0112
1.01679
1.02239
1.02799
1.03359
1.03918
1.04478
1.05038
1.05598
1.06157
1.06717
1.47738
1.49089
1.5044
1.51792
1.53143
1.54495
1.55846
1.57197
1.58549
1.599
1.61251
1.62603
1.63954
1.65305
1.66657
1.68008
1.69359
1.70711
1.72062
1.73413
1.74765
1.76116
1.77468
1.78819
1.8017
1.81522
1.82873
1.84224
1.85576
1.86927
1.88278
1.8963
1.90981
1.92332
1.93684
1.42117
1.43468
1.4482
1.46171
1.47522
1.48874
1.50225
1.49513
1.48162
1.4681
1.45459
1.44108
1.42756
1.41405
1.40054
1.38702
1.37351
1.36
1.34648
1.33297
1.31945
1.30594
1.29243
1.27891
1.2654
1.25189
1.24629
1.24069
1.23509
1.2295
1.2239
1.2183
1.2127
1.20711
1.20151
1.19591
1.19031
1.18472
1.17912
1.17352
1.16792
1.16233
1.15673
1.15113
1.14553
1.13994
1.13434
1.12874
1.12314
1.11755
1.11195
1.10635
1.10075
1.09516
1.08956
1.08396
1.07836
1.07277
1.06717
1.06157
1.05597
1.01135
1
1
1
1
1
1
1
1
1
1
1
1
1
1
1
1
1.01135
1.01702
1.0227
1.02837
1.03405
1.03972
1.04539
1.05107
1.05674
1.06242
1.06809
1.07376
1.47824
1.49194
1.50564
1.51934
1.53304
1.54674
1.56043
1.57413
1.58783
1.60153
1.61523
1.62893
1.64263
1.65633
1.67002
1.68372
1.69742
1.71112
1.72482
1.73852
1.75222
1.76591
1.77961
1.79331
1.80701
1.82071
1.83441
1.84811
1.8618
1.8755
1.8892
1.9029
1.9166
1.9303
1.944
1.9577
1.38017
1.39387
1.40757
1.42127
1.43496
1.44866
1.46236
1.47606
1.48976
1.50346
1.51716
1.50994
1.49624
1.48254
1.46884
1.45514
1.44144
1.42775
1.41405
1.40035
1.38665
1.37295
1.35925
1.34555
1.33186
1.31816
1.30446
1.29076
1.27706
1.26336
1.24966
1.24399
1.23832
1.23264
1.22697
1.22129
1.21562
1.20994
1.20427
1.1986
1.19292
1.18725
1.18157
1.1759
1.17023
1.16455
1.15888
1.1532
1.14753
1.14185
1.13618
1.13051
1.12483
1.11916
1.11348
1.10781
1.10214
1.09646
1.09079
1.08511
1.07944
1.07376
1.06809
1.06242
1.05674
1.05107
1.01151
1
1
1
1
1
1
1
1
1
1
1
1
1
1
1
1
1.01151
1.01726
1.02301
1.02876
1.03452
1.04027
1.04602
1.05178
1.05753
1.06328
1.06904
1.07479
1.08054
1.46524
1.47913
1.49302
1.50691
1.5208
1.53469
1.54858
1.56247
1.57635
1.59024
1.60413
1.61802
1.63191
1.6458
1.65969
1.67358
1.68747
1.70135
1.71524
1.72913
1.74302
1.75691
1.7708
1.78469
1.79858
1.81247
1.82635
1.84024
1.85413
1.86802
1.88191
1.8958
1.90969
1.92358
1.93747
1.95135
1.96524
1.97913
1.36819
1.37394
1.3797
1.39359
1.40747
1.42136
1.43525
1.44914
1.46303
1.47692
1.49081
1.5047
1.51859
1.53247
1.52516
1.51127
1.49738
1.48349
1.4696
1.45571
1.44182
1.42793
1.41404
1.40016
1.38627
1.37238
1.35849
1.3446
1.33071
1.31682
1.30293
1.28904
1.27516
1.26127
1.24738
1.24163
1.23587
1.23012
1.22437
1.21861
1.21286
1.20711
1.20135
1.1956
1.18985
1.1841
1.17834
1.17259
1.16684
1.16108
1.15533
1.14958
1.14382
1.13807
1.13232
1.12657
1.12081
1.11506
1.10931
1.10355
1.0978
1.09205
1.08629
1.08054
1.07479
1.06904
1.06328
1.05753
1.05178
1.01167
1
1
1
1
1
1
1
1
1
1
1
1
1
1
1
1
1.01167
1.0175
1.02334
1.02917
1.035
1.04084
1.04667
1.05251
1.05834
1.06417
1.07001
1.07584
1.08168
1.08751
1.09334
1.45188
1.46596
1.48005
1.49413
1.50822
1.5223
1.53638
1.55047
1.56455
1.57864
1.59272
1.60681
1.62089
1.63498
1.64906
1.66315
1.67723
1.69131
1.7054
1.71948
1.73357
1.74765
1.76174
1.77582
1.78991
1.80399
1.81807
1.83216
1.84624
1.86033
1.87441
1.8885
1.90258
1.91667
1.93075
1.94484
1.95892
1.973
1.98709
2.00117
1.35004
1.35587
1.36171
1.36754
1.37338
1.37921
1.39329
1.40738
1.42146
1.43555
1.44963
1.46372
1.4778
1.49189
1.50597
1.52006
1.53414
1.54822
1.5408
1.52672
1.51263
1.49855
1.48447
1.47038
1.4563
1.44221
1.42813
1.41404
1.39996
1.38587
1.37179
1.3577
1.34362
1.32954
1.31545
1.30137
1.28728
1.2732
1.25911
1.24503
1.23919
1.23336
1.22753
1.22169
1.21586
1.21002
1.20419
1.19836
1.19252
1.18669
1.18085
1.17502
1.16919
1.16335
1.15752
1.15168
1.14585
1.14002
1.13418
1.12835
1.12251
1.11668
1.11085
1.10501
1.09918
1.09334
1.08751
1.08168
1.07584
1.07001
1.06417
1.05834
1.05251
1.04667
1.01183
1
1
1
1
1
1
1
1
1
1
1
1
1
1
1
1
1.01183
1.01775
1.02367
1.02959
1.0355
1.04142
1.04734
1.05326
1.05917
1.06509
1.07101
1.07693
1.08284
1.08876
1.09468
1.1006
1.43813
1.45242
1.4667
1.48099
1.49527
1.50956
1.52384
1.53813
1.55242
1.5667
1.58099
1.59527
1.60956
1.62384
1.63813
1.65242
1.6667
1.68099
1.69527
1.70956
1.72384
1.73813
1.75242
1.7667
1.78099
1.79527
1.80956
1.82384
1.83813
1.85242
1.8667
1.88099
1.89527
1.90956
1.92384
1.93813
1.95242
1.9667
1.98099
1.99527
2.00956
2.02384
1.34321
1.34912
1.35504
1.36096
1.36688
1.37279
1.37871
1.393
1.40728
1.42157
1.43585
1.45014
1.46442
1.47871
1.493
1.50728
1.52157
1.53585
1.55014
1.56442
1.5569
1.54261
1.52833
1.51404
1.49975
1.48547
1.47118
1.4569
1.44261
1.42833
1.41404
1.39975
1.38547
1.37118
1.3569
1.34261
1.32833
1.31404
1.29975
1.28547
1.27118
1.2569
1.24261
1.23669
1.23078
1.22486
1.21894
1.21302
1.20711
1.20119
1.19527
1.18936
1.18344
1.17752
1.1716
1.16569
1.15977
1.15385
1.14793
1.14202
1.1361
1.13018
1.12426
1.11835
1.11243
1.10651
1.10059
1.09468
1.08876
1.08284
1.07693
1.07101
1.06509
1.05917
1.05326
1.04734
1.01201
1
1
1
1
1
1
1
1
1
1
1
1
1
1
1
1
1.01201
1.01801
1.02401
1.03002
1.03602
1.04202
1.04802
1.05403
1.06003
1.06603
1.07204
1.07804
1.08404
1.09005
1.09605
1.10205
1.10806
1.11406
1.12006
1.42398
1.43848
1.45297
1.46746
1.48195
1.49645
1.51094
1.52543
1.53993
1.55442
1.56891
1.5834
1.5979
1.61239
1.62688
1.64138
1.65587
1.67036
1.68485
1.69935
1.71384
1.72833
1.74282
1.75732
1.77181
1.7863
1.8008
1.81529
1.82978
1.84427
1.85877
1.87326
1.88775
1.90224
1.91674
1.93123
1.94572
1.96022
1.97471
1.9892
2.00369
2.01819
2.03268
1.33017
1.33617
1.34218
1.34818
1.35418
1.36019
1.36619
1.37219
1.3782
1.39269
1.40718
1.42167
1.43617
1.45066
1.46515
1.47965
1.49414
1.50863
1.52312
1.53762
1.55211
1.5666
1.58109
1.57346
1.55897
1.54447
1.52998
1.51549
1.50099
1.4865
1.47201
1.45752
1.44302
1.42853
1.41404
1.39954
1.38505
1.37056
1.35607
1.34157
1.32708
1.31259
1.2981
1.2836
1.26911
1.25462
1.24012
1.23412
1.22812
1.22212
1.21611
1.21011
1.20411
1.1981
1.1921
1.1861
1.18009
1.17409
1.16809
1.16208
1.15608
1.15008
1.14407
1.13807
1.13207
1.12607
1.12006
1.11406
1.10806
1.10205
1.09605
1.09005
1.08404
1.07804
1.07204
1.06603
1.06003
1.05403
1.04802
1.04202
1.01827
1.01218
1
1
1
1
1
1
1
1
1
1
1
1
1
1
1
1
1.01218
1.01827
1.02437
1.03046
1.03655
1.04264
1.04873
1.05482
1.06091
1.06701
1.0731
1.07919
1.08528
1.09137
1.09746
1.10355
1.10965
1.11574
1.12183
1.12792
1.13401
1.1401
1.38001
1.39472
1.40942
1.42413
1.43883
1.45354
1.46825
1.48295
1.49766
1.51236
1.52707
1.54177
1.55648
1.57119
1.58589
1.6006
1.6153
1.63001
1.64472
1.65942
1.67413
1.68883
1.70354
1.71825
1.73295
1.74766
1.76236
1.77707
1.79177
1.80648
1.82119
1.83589
1.8506
1.8653
1.88001
1.89472
1.90942
1.92413
1.93883
1.95354
1.96825
1.98295
1.99766
2.01236
2.02707
2.04177
2.05648
1.32284
1.32893
1.33503
1.34112
1.34721
1.3533
1.35939
1.36548
1.37157
1.37767
1.39237
1.40708
1.42178
1.43649
1.4512
1.4659
1.48061
1.49531
1.51002
1.52472
1.53943
1.55414
1.56884
1.58355
1.59825
1.59051
1.5758
1.56109
1.54639
1.53168
1.51698
1.50227
1.48756
1.47286
1.45815
1.44345
1.42874
1.41403
1.39933
1.38462
1.36992
1.35521
1.34051
1.3258
1.31109
1.29639
1.28168
1.26698
1.25227
1.23756
1.23147
1.22538
1.21929
1.2132
1.20711
1.20102
1.19492
1.18883
1.18274
1.17665
1.17056
1.16447
1.15838
1.15228
1.14619
1.1401
1.13401
1.12792
1.12183
1.11574
1.10964
1.10355
1.09746
1.09137
1.08528
1.07919
1.0731
1.06701
1.06091
1.05482
1.04873
1.04264
1.01855
1.01236
1
1
1
1
1
1
1
1
1
1
1
1
1
1
1
1
1.01236
1.01855
1.02473
1.03091
1.03709
1.04328
1.04946
1.05564
1.06182
1.06801
1.07419
1.08037
1.08655
1.09273
1.09892
1.1051
1.11128
1.11746
1.12365
1.12983
1.13601
1.14219
1.14838
1.15456
1.16074
1.16692
1.1731
1.3198
1.33472
1.34965
1.36457
1.3795
1.39442
1.40935
1.42428
1.4392
1.45413
1.46905
1.48398
1.4989
1.51383
1.52875
1.54368
1.5586
1.57353
1.58845
1.60338
1.61831
1.63323
1.64816
1.66308
1.67801
1.69293
1.70786
1.72278
1.73771
1.75263
1.76756
1.78248
1.79741
1.81234
1.82726
1.84219
1.85711
1.87204
1.88696
1.90189
1.91681
1.93174
1.94666
1.96159
1.97651
1.99144
2.00636
2.02129
2.03622
2.05114
2.06607
2.08099
1.3153
1.32148
1.32766
1.33384
1.34003
1.34621
1.35239
1.35857
1.36476
1.37094
1.37712
1.39205
1.40697
1.4219
1.43682
1.45175
1.46667
1.4816
1.49652
1.51145
1.52637
1.5413
1.55623
1.57115
1.58608
1.601
1.61593
1.60806
1.59314
1.57821
1.56329
1.54836
1.53344
1.51851
1.50358
1.48866
1.47373
1.45881
1.44388
1.42896
1.41403
1.39911
1.38418
1.36926
1.35433
1.33941
1.32448
1.30955
1.29463
1.2797
1.26478
1.24985
1.23493
1.22875
1.22256
1.21638
1.2102
1.20402
1.19783
1.19165
1.18547
1.17929
1.1731
1.16692
1.16074
1.15456
1.14838
1.14219
1.13601
1.12983
1.12365
1.11746
1.11128
1.1051
1.09892
1.09273
1.08655
1.08037
1.07419
1.06801
1.06182
1.05564
1.04946
1.04328
1.03709
1.01883
1.01255
1
1
1
1
1
1
1
1
1
1
1
1
1
1
1
1
1.01255
1.01883
1.0251
1.03138
1.03766
1.04393
1.05021
1.05648
1.06276
1.06904
1.07531
1.08159
1.08786
1.09414
1.10042
1.10669
1.11297
1.11924
1.12552
1.1318
1.13807
1.14435
1.15062
1.1569
1.16318
1.16945
1.17573
1.182
1.19716
1.21231
1.22746
1.24261
1.25776
1.27291
1.28806
1.30322
1.31837
1.33352
1.34867
1.36382
1.37897
1.39412
1.40928
1.42443
1.43958
1.45473
1.46988
1.48503
1.50019
1.51534
1.53049
1.54564
1.56079
1.57594
1.59109
1.60625
1.6214
1.63655
1.6517
1.66685
1.682
1.69716
1.71231
1.72746
1.74261
1.75776
1.77291
1.78806
1.80322
1.81837
1.83352
1.84867
1.86382
1.87897
1.89412
1.90928
1.92443
1.93958
1.95473
1.96988
1.98503
2.00019
2.01534
2.03049
2.04564
2.06079
2.07594
2.09109
2.10625
1.30752
1.3138
1.32007
1.32635
1.33263
1.3389
1.34518
1.35145
1.35773
1.36401
1.37028
1.37656
1.39171
1.40686
1.42201
1.43716
1.45232
1.46747
1.48262
1.49777
1.51292
1.52807
1.54323
1.55838
1.57353
1.58868
1.60383
1.61898
1.63413
1.62615
1.611
1.59585
1.5807
1.56554
1.55039
1.53524
1.52009
1.50494
1.48979
1.47464
1.45948
1.44433
1.42918
1.41403
1.39888
1.38373
1.36857
1.35342
1.33827
1.32312
1.30797
1.29282
1.27767
1.26251
1.24736
1.23221
1.22594
1.21966
1.21338
1.20711
1.20083
1.19456
1.18828
1.182
1.17573
1.16945
1.16318
1.1569
1.15062
1.14435
1.13807
1.1318
1.12552
1.11924
1.11297
1.10669
1.10042
1.09414
1.08786
1.08159
1.07531
1.06904
1.06276
1.05648
1.05021
1.04393
1.03766
1.01912
1.01275
1
1
1
1
1
1
1
1
1
1
1
1
1
1
1
1
1.01275
1.01912
1.02549
1.03186
1.03824
1.04461
1.05098
1.05735
1.06373
1.0701
1.07647
1.08284
1.08922
1.09559
1.10196
1.10833
1.11471
1.12108
1.12745
1.13382
1.1402
1.14657
1.15294
1.15931
1.16569
1.17206
1.17843
1.19382
1.2092
1.22458
1.23997
1.25535
1.27074
1.28612
1.30151
1.31689
1.33228
1.34766
1.36305
1.37843
1.39382
1.4092
1.42458
1.43997
1.45535
1.47074
1.48612
1.50151
1.51689
1.53228
1.54766
1.56305
1.57843
1.59382
1.6092
1.62458
1.63997
1.65535
1.67074
1.68612
1.70151
1.71689
1.73228
1.74766
1.76305
1.77843
1.79382
1.8092
1.82458
1.83997
1.85535
1.87074
1.88612
1.90151
1.91689
1.93228
1.94766
1.96305
1.97843
1.99382
2.0092
2.02458
2.03997
2.05535
2.07074
2.08612
2.10151
2.11689
1.29951
1.30588
1.31225
1.31863
1.325
1.33137
1.33774
1.34412
1.35049
1.35686
1.36323
1.36961
1.37598
1.39136
1.40675
1.42213
1.43752
1.4529
1.46829
1.48367
1.49906
1.51444
1.52983
1.54521
1.56059
1.57598
1.59136
1.60675
1.62213
1.63752
1.6529
1.6448
1.62941
1.61403
1.59864
1.58326
1.56787
1.55249
1.5371
1.52172
1.50633
1.49095
1.47557
1.46018
1.4448
1.42941
1.41403
1.39864
1.38326
1.36787
1.35249
1.3371
1.32172
1.30633
1.29095
1.27557
1.26018
1.2448
1.22941
1.22304
1.21667
1.21029
1.20392
1.19755
1.19118
1.1848
1.17843
1.17206
1.16569
1.15931
1.15294
1.14657
1.1402
1.13382
1.12745
1.12108
1.11471
1.10833
1.10196
1.09559
1.08922
1.08284
1.07647
1.0701
1.06373
1.05735
1.05098
1.04461
1.03824
1.03186
1.01942
1.01294
1
1
1
1
1
1
1
1
1
1
1
1
1
1
1
1
1.01294
1.01942
1.02589
1.03236
1.03883
1.0453
1.05178
1.05825
1.06472
1.07119
1.07767
1.08414
1.09061
1.09708
1.10355
1.11003
1.1165
1.12297
1.12944
1.13591
1.14239
1.14886
1.15533
1.1618
1.16827
1.17475
1.19037
1.206
1.22162
1.23725
1.25287
1.2685
1.28412
1.29975
1.31537
1.331
1.34662
1.36225
1.37787
1.3935
1.40912
1.42475
1.44037
1.456
1.47162
1.48725
1.50287
1.5185
1.53412
1.54975
1.56537
1.581
1.59662
1.61225
1.62787
1.6435
1.65912
1.67475
1.69037
1.706
1.72162
1.73725
1.75287
1.7685
1.78412
1.79975
1.81537
1.831
1.84662
1.86225
1.87787
1.8935
1.90912
1.92475
1.94037
1.956
1.97162
1.98725
2.00287
2.0185
2.03412
2.04975
2.06537
2.081
2.09662
2.11225
2.12787
2.1435
1.29772
1.30419
1.31066
1.31713
1.3236
1.33008
1.33655
1.34302
1.34949
1.35597
1.36244
1.36891
1.37538
1.39101
1.40663
1.42226
1.43788
1.45351
1.46913
1.48476
1.50038
1.51601
1.53163
1.54726
1.56288
1.57851
1.59413
1.60976
1.62538
1.64101
1.65663
1.67226
1.66402
1.6484
1.63277
1.61715
1.60152
1.5859
1.57027
1.55465
1.53902
1.5234
1.50777
1.49215
1.47652
1.4609
1.44527
1.42965
1.41402
1.3984
1.38277
1.36715
1.35152
1.3359
1.32027
1.30465
1.28902
1.2734
1.25777
1.24215
1.22652
1.22005
1.21358
1.20711
1.20064
1.19416
1.18769
1.18122
1.17475
1.16827
1.1618
1.15533
1.14886
1.14239
1.13591
1.12944
1.12297
1.1165
1.11003
1.10355
1.09708
1.09061
1.08414
1.07767
1.07119
1.06472
1.05825
1.05178
1.0453
1.03883
1.03236
1.0263
1.01972
1.01315
1
1
1
1
1
1
1
1
1
1
1
1
1
1
1
1
1.01315
1.01972
1.0263
1.03287
1.03945
1.04602
1.0526
1.05917
1.06575
1.07232
1.0789
1.08547
1.09205
1.09862
1.1052
1.11177
1.11835
1.12492
1.1315
1.13807
1.14465
1.15122
1.1578
1.16437
1.17095
1.18682
1.20269
1.21856
1.23444
1.25031
1.26618
1.28206
1.29793
1.3138
1.32968
1.34555
1.36142
1.3773
1.39317
1.40904
1.42491
1.44079
1.45666
1.47253
1.48841
1.50428
1.52015
1.53603
1.5519
1.56777
1.58364
1.59952
1.61539
1.63126
1.64714
1.66301
1.67888
1.69476
1.71063
1.7265
1.74237
1.75825
1.77412
1.78999
1.80587
1.82174
1.83761
1.85349
1.86936
1.88523
1.9011
1.91698
1.93285
1.94872
1.9646
1.98047
1.99634
2.01222
2.02809
2.04396
2.05983
2.07571
2.09158
2.10745
2.12333
2.1392
2.15507
1.28929
1.29587
1.30244
1.30902
1.31559
1.32217
1.32874
1.33532
1.34189
1.34847
1.35504
1.36162
1.36819
1.37477
1.39064
1.40651
1.42238
1.43826
1.45413
1.47
1.48588
1.50175
1.51762
1.5335
1.54937
1.56524
1.58111
1.59699
1.61286
1.62873
1.64461
1.66048
1.67635
1.69223
1.68386
1.66799
1.65212
1.63624
1.62037
1.6045
1.58862
1.57275
1.55688
1.541
1.52513
1.50926
1.49339
1.47751
1.46164
1.44577
1.42989
1.41402
1.39815
1.38227
1.3664
1.35053
1.33466
1.31878
1.30291
1.28704
1.27116
1.25529
1.23942
1.22354
1.21697
1.21039
1.20382
1.19725
1.19067
1.1841
1.17752
1.17095
1.16437
1.1578
1.15122
1.14465
1.13807
1.1315
1.12492
1.11835
1.11177
1.1052
1.09862
1.09205
1.08547
1.0789
1.07232
1.06575
1.05917
1.0526
1.04602
1.03945
1.03287
1.0263
1.02672
1.02004
1.01336
1
1
1
1
1
1
1
1
1
1
1
1
1
1
1
1
1.01336
1.02004
1.02672
1.0334
1.04009
1.04677
1.05345
1.06013
1.06681
1.07349
1.08017
1.08685
1.09353
1.10021
1.10689
1.11358
1.12026
1.12694
1.13362
1.1403
1.14698
1.15366
1.16034
1.16702
1.18315
1.19928
1.21541
1.23154
1.24767
1.2638
1.27993
1.29605
1.31218
1.32831
1.34444
1.36057
1.3767
1.39283
1.40896
1.42509
1.44122
1.45734
1.47347
1.4896
1.50573
1.52186
1.53799
1.55412
1.57025
1.58638
1.60251
1.61864
1.63476
1.65089
1.66702
1.68315
1.69928
1.71541
1.73154
1.74767
1.7638
1.77993
1.79605
1.81218
1.82831
1.84444
1.86057
1.8767
1.89283
1.90896
1.92509
1.94122
1.95734
1.97347
1.9896
2.00573
2.02186
2.03799
2.05412
2.07025
2.08638
2.10251
2.11864
2.13476
2.15089
2.16702
2.18315
1.2806
1.28728
1.29396
1.30064
1.30732
1.314
1.32068
1.32736
1.33404
1.34072
1.34741
1.35409
1.36077
1.36745
1.37413
1.39026
1.40639
1.42252
1.43865
1.45477
1.4709
1.48703
1.50316
1.51929
1.53542
1.55155
1.56768
1.58381
1.59994
1.61606
1.63219
1.64832
1.66445
1.68058
1.69671
1.71284
1.70434
1.68821
1.67208
1.65595
1.63982
1.62369
1.60757
1.59144
1.57531
1.55918
1.54305
1.52692
1.51079
1.49466
1.47853
1.4624
1.44628
1.43015
1.41402
1.39789
1.38176
1.36563
1.3495
1.33337
1.31724
1.30111
1.28499
1.26886
1.25273
1.2366
1.22047
1.21379
1.20711
1.20043
1.19375
1.18706
1.18038
1.1737
1.16702
1.16034
1.15366
1.14698
1.1403
1.13362
1.12694
1.12026
1.11357
1.10689
1.10021
1.09353
1.08685
1.08017
1.07349
1.06681
1.06013
1.05345
1.04677
1.04009
1.0334
1.02672
1.02004
1.02716
1.02037
1.01358
1
1
1
1
1
1
1
1
1
1
1
1
1
1
1
1
1.01358
1.02037
1.02716
1.03395
1.04074
1.04753
1.05432
1.06111
1.0679
1.07469
1.08148
1.08828
1.09507
1.10186
1.10865
1.11544
1.12223
1.12902
1.13581
1.1426
1.14939
1.15618
1.16297
1.17936
1.19576
1.21215
1.22854
1.24494
1.26133
1.27772
1.29412
1.31051
1.3269
1.3433
1.35969
1.37608
1.39248
1.40887
1.42526
1.44166
1.45805
1.47445
1.49084
1.50723
1.52363
1.54002
1.55641
1.57281
1.5892
1.60559
1.62199
1.63838
1.65477
1.67117
1.68756
1.70395
1.72035
1.73674
1.75313
1.76953
1.78592
1.80231
1.81871
1.8351
1.85149
1.86789
1.88428
1.90067
1.91707
1.93346
1.94986
1.96625
1.98264
1.99904
2.01543
2.03182
2.04822
2.06461
2.081
2.0974
2.11379
2.13018
2.14658
2.16297
2.17936
2.19576
1.27841
1.2852
1.29199
1.29878
1.30557
1.31236
1.31915
1.32594
1.33273
1.33952
1.34631
1.3531
1.35989
1.36668
1.37347
1.38987
1.40626
1.42265
1.43905
1.45544
1.47183
1.48823
1.50462
1.52101
1.53741
1.5538
1.57019
1.58659
1.60298
1.61937
1.63577
1.65216
1.66855
1.68495
1.70134
1.71773
1.73413
1.72549
1.7091
1.6927
1.67631
1.65992
1.64352
1.62713
1.61074
1.59434
1.57795
1.56156
1.54516
1.52877
1.51237
1.49598
1.47959
1.46319
1.4468
1.43041
1.41401
1.39762
1.38123
1.36483
1.34844
1.33205
1.31565
1.29926
1.28287
1.26647
1.25008
1.23369
1.21729
1.2105
1.20371
1.19692
1.19013
1.18334
1.17655
1.16976
1.16297
1.15618
1.14939
1.1426
1.13581
1.12902
1.12223
1.11544
1.10865
1.10186
1.09507
1.08828
1.08148
1.07469
1.0679
1.06111
1.05432
1.04753
1.04074
1.03395
1.02716
1.02037
1.03452
1.02761
1.02071
1.01381
1
1
1
1
1
1
1
1
1
1
1
1
1
1
1
1
1.01381
1.02071
1.02761
1.03452
1.04142
1.04833
1.05523
1.06213
1.06904
1.07594
1.08284
1.08975
1.09665
1.10355
1.11046
1.11736
1.12426
1.13117
1.13807
1.14498
1.15188
1.15878
1.17545
1.19212
1.20878
1.22545
1.24212
1.25878
1.27545
1.29212
1.30878
1.32545
1.34212
1.35878
1.37545
1.39212
1.40878
1.42545
1.44212
1.45878
1.47545
1.49212
1.50878
1.52545
1.54212
1.55878
1.57545
1.59212
1.60878
1.62545
1.64212
1.65878
1.67545
1.69212
1.70878
1.72545
1.74212
1.75878
1.77545
1.79212
1.80878
1.82545
1.84212
1.85878
1.87545
1.89212
1.90878
1.92545
1.94212
1.95878
1.97545
1.99212
2.00878
2.02545
2.04212
2.05878
2.07545
2.09212
2.10878
2.12545
2.14212
2.15878
2.17545
2.19212
2.20878
2.22545
1.26924
1.27614
1.28305
1.28995
1.29685
1.30376
1.31066
1.31756
1.32447
1.33137
1.33828
1.34518
1.35208
1.35899
1.36589
1.37279
1.38946
1.40613
1.42279
1.43946
1.45613
1.47279
1.48946
1.50613
1.52279
1.53946
1.55613
1.57279
1.58946
1.60613
1.62279
1.63946
1.65613
1.67279
1.68946
1.70613
1.72279
1.73946
1.75613
1.74734
1.73068
1.71401
1.69734
1.68068
1.66401
1.64734
1.63068
1.61401
1.59734
1.58068
1.56401
1.54734
1.53068
1.51401
1.49734
1.48068
1.46401
1.44734
1.43068
1.41401
1.39734
1.38068
1.36401
1.34734
1.33068
1.31401
1.29734
1.28068
1.26401
1.24734
1.23068
1.21401
1.20711
1.2002
1.1933
1.1864
1.17949
1.17259
1.16569
1.15878
1.15188
1.14498
1.13807
1.13117
1.12426
1.11736
1.11046
1.10355
1.09665
1.08975
1.08284
1.07594
1.06904
1.06213
1.05523
1.04832
1.04142
1.03452
1.02761
1.02071
1.01381
1.0351
1.02808
1.02106
1.01404
1
1
1
1
1
1
1
1
1
1
1
1
1
1
1
1
1.01404
1.02106
1.02808
1.0351
1.04212
1.04914
1.05616
1.06319
1.07021
1.07723
1.08425
1.09127
1.09829
1.10531
1.11233
1.11935
1.12637
1.13339
1.14041
1.14743
1.15445
1.1714
1.18835
1.2053
1.22225
1.2392
1.25615
1.2731
1.29005
1.307
1.32394
1.34089
1.35784
1.37479
1.39174
1.40869
1.42564
1.44259
1.45954
1.47649
1.49344
1.51039
1.52733
1.54428
1.56123
1.57818
1.59513
1.61208
1.62903
1.64598
1.66293
1.67988
1.69683
1.71378
1.73072
1.74767
1.76462
1.78157
1.79852
1.81547
1.83242
1.84937
1.86632
1.88327
1.90022
1.91716
1.93411
1.95106
1.96801
1.98496
2.00191
2.01886
2.03581
2.05276
2.06971
2.08666
2.10361
2.12055
2.1375
2.15445
2.1714
2.18835
2.2053
2.22225
2.2392
1.26678
1.2738
1.28082
1.28784
1.29486
1.30188
1.30891
1.31593
1.32295
1.32997
1.33699
1.34401
1.35103
1.35805
1.36507
1.37209
1.38904
1.40599
1.42294
1.43989
1.45684
1.47379
1.49073
1.50768
1.52463
1.54158
1.55853
1.57548
1.59243
1.60938
1.62633
1.64328
1.66023
1.67718
1.69412
1.71107
1.72802
1.74497
1.76192
1.77887
1.76994
1.75299
1.73604
1.71909
1.70214
1.68519
1.66824
1.6513
1.63435
1.6174
1.60045
1.5835
1.56655
1.5496
1.53265
1.5157
1.49875
1.4818
1.46485
1.44791
1.43096
1.41401
1.39706
1.38011
1.36316
1.34621
1.32926
1.31231
1.29536
1.27841
1.26147
1.24452
1.22757
1.21062
1.2036
1.19658
1.18956
1.18254
1.17551
1.16849
1.16147
1.15445
1.14743
1.14041
1.13339
1.12637
1.11935
1.11233
1.10531
1.09829
1.09127
1.08425
1.07723
1.07021
1.06319
1.05616
1.04914
1.04212
1.0351
1.02808
1.02106
1.01404
1
1.03571
1.02857
1.02142
1.01428
1
1
1
1
1
1
1
1
1
1
1
1
1
1
1
1
1.01428
1.02142
1.02857
1.03571
1.04285
1.04999
1.05713
1.06427
1.07142
1.07856
1.0857
1.09284
1.09998
1.10712
1.11427
1.12141
1.12855
1.13569
1.14283
1.14997
1.16722
1.18446
1.2017
1.21894
1.23618
1.25342
1.27066
1.28791
1.30515
1.32239
1.33963
1.35687
1.37411
1.39135
1.4086
1.42584
1.44308
1.46032
1.47756
1.4948
1.51204
1.52928
1.54653
1.56377
1.58101
1.59825
1.61549
1.63273
1.64997
1.66722
1.68446
1.7017
1.71894
1.73618
1.75342
1.77066
1.78791
1.80515
1.82239
1.83963
1.85687
1.87411
1.89135
1.9086
1.92584
1.94308
1.96032
1.97756
1.9948
2.01204
2.02928
2.04653
2.06377
2.08101
2.09825
2.11549
2.13273
2.14997
2.16722
2.18446
2.2017
2.21894
2.23618
2.25342
1.2571
1.26424
1.27138
1.27852
1.28566
1.29281
1.29995
1.30709
1.31423
1.32137
1.32851
1.33566
1.3428
1.34994
1.35708
1.36422
1.37136
1.38861
1.40585
1.42309
1.44033
1.45757
1.47481
1.49205
1.5093
1.52654
1.54378
1.56102
1.57826
1.5955
1.61274
1.62999
1.64723
1.66447
1.68171
1.69895
1.71619
1.73343
1.75067
1.76792
1.78516
1.8024
1.79331
1.77607
1.75883
1.74159
1.72435
1.70711
1.68987
1.67262
1.65538
1.63814
1.6209
1.60366
1.58642
1.56918
1.55193
1.53469
1.51745
1.50021
1.48297
1.46573
1.44849
1.43125
1.414
1.39676
1.37952
1.36228
1.34504
1.3278
1.31056
1.29331
1.27607
1.25883
1.24159
1.22435
1.20711
1.19997
1.19282
1.18568
1.17854
1.1714
1.16426
1.15712
1.14997
1.14283
1.13569
1.12855
1.12141
1.11427
1.10712
1.09998
1.09284
1.0857
1.07856
1.07142
1.06427
1.05713
1.04999
1.04285
1.03571
1.02857
1.02142
1.01428
1
1.0436
1.03633
1.02907
1.0218
1.01453
1
1
1
1
1
1
1
1
1
1
1
1
1
1
1
1
1.01453
1.0218
1.02907
1.03633
1.0436
1.05087
1.05814
1.0654
1.07267
1.07994
1.0872
1.09447
1.10174
1.109
1.11627
1.12354
1.1308
1.13807
1.14534
1.16288
1.18043
1.19797
1.21551
1.23306
1.2506
1.26815
1.28569
1.30323
1.32078
1.33832
1.35586
1.37341
1.39095
1.4085
1.42604
1.44358
1.46113
1.47867
1.49622
1.51376
1.5313
1.54885
1.56639
1.58394
1.60148
1.61902
1.63657
1.65411
1.67165
1.6892
1.70674
1.72429
1.74183
1.75937
1.77692
1.79446
1.81201
1.82955
1.84709
1.86464
1.88218
1.89972
1.91727
1.93481
1.95236
1.9699
1.98744
2.00499
2.02253
2.04008
2.05762
2.07516
2.09271
2.11025
2.12779
2.14534
2.16288
2.18043
2.19797
2.21551
2.23306
2.2506
2.26815
2.28569
1.24707
1.25434
1.26161
1.26888
1.27614
1.28341
1.29068
1.29794
1.30521
1.31248
1.31974
1.32701
1.33428
1.34155
1.34881
1.35608
1.36335
1.37061
1.38816
1.4057
1.42324
1.44079
1.45833
1.47588
1.49342
1.51096
1.52851
1.54605
1.5636
1.58114
1.59868
1.61623
1.63377
1.65131
1.66886
1.6864
1.70395
1.72149
1.73903
1.75658
1.77412
1.79167
1.80921
1.82675
1.81751
1.79997
1.78242
1.76488
1.74733
1.72979
1.71225
1.6947
1.67716
1.65961
1.64207
1.62453
1.60698
1.58944
1.57189
1.55435
1.53681
1.51926
1.50172
1.48418
1.46663
1.44909
1.43154
1.414
1.39646
1.37891
1.36137
1.34382
1.32628
1.30874
1.29119
1.27365
1.25611
1.23856
1.22102
1.20347
1.19621
1.18894
1.18167
1.17441
1.16714
1.15987
1.15261
1.14534
1.13807
1.1308
1.12354
1.11627
1.109
1.10174
1.09447
1.0872
1.07994
1.07267
1.0654
1.05814
1.05087
1.0436
1.03633
1.02907
1.0218
1.01453
1
1
1.04438
1.03698
1.02959
1.02219
1.01479
1
1
1
1
1
1
1
1
1
1
1
1
1
1
1
1
1.01479
1.02219
1.02959
1.03698
1.04438
1.05178
1.05917
1.06657
1.07397
1.08136
1.08876
1.09616
1.10355
1.11095
1.11835
1.12574
1.13314
1.14054
1.15839
1.17625
1.19411
1.21197
1.22982
1.24768
1.26554
1.28339
1.30125
1.31911
1.33697
1.35482
1.37268
1.39054
1.40839
1.42625
1.44411
1.46197
1.47982
1.49768
1.51554
1.53339
1.55125
1.56911
1.58697
1.60482
1.62268
1.64054
1.65839
1.67625
1.69411
1.71197
1.72982
1.74768
1.76554
1.78339
1.80125
1.81911
1.83697
1.85482
1.87268
1.89054
1.90839
1.92625
1.94411
1.96197
1.97982
1.99768
2.01554
2.03339
2.05125
2.06911
2.08697
2.10482
2.12268
2.14054
2.15839
2.17625
2.19411
2.21197
2.22982
2.24768
2.26554
2.28339
2.30125
1.24409
1.25149
1.25888
1.26628
1.27368
1.28107
1.28847
1.29587
1.30326
1.31066
1.31806
1.32545
1.33285
1.34025
1.34764
1.35504
1.36244
1.36983
1.38769
1.40555
1.42341
1.44126
1.45912
1.47698
1.49483
1.51269
1.53055
1.54841
1.56626
1.58412
1.60198
1.61983
1.63769
1.65555
1.67341
1.69126
1.70912
1.72698
1.74483
1.76269
1.78055
1.79841
1.81626
1.83412
1.85198
1.85736
1.8395
1.82165
1.80379
1.78593
1.76808
1.75022
1.73236
1.7145
1.69665
1.67879
1.66093
1.64308
1.62522
1.60736
1.5895
1.57165
1.55379
1.53593
1.51808
1.50022
1.414
1.39614
1.37828
1.36042
1.34257
1.32471
1.30685
1.289
1.27114
1.25328
1.23542
1.21757
1.19971
1.19231
1.18492
1.17752
1.17012
1.16273
1.15533
1.14793
1.14054
1.13314
1.12574
1.11835
1.11095
1.10355
1.09616
1.08876
1.08136
1.07397
1.06657
1.05917
1.05178
1.04438
1.03698
1.02959
1.02219
1.01479
1
1
1
1.04519
1.03766
1.03012
1.02259
1.01506
1
1
1
1
1
1
1
1
1
1
1
1
1
1
1
1
1.01506
1.02259
1.03012
1.03766
1.04519
1.05272
1.06025
1.06778
1.07531
1.08284
1.09037
1.09791
1.10544
1.11297
1.1205
1.12803
1.13556
1.15374
1.17192
1.19011
1.20829
1.22647
1.24465
1.26283
1.28102
1.2992
1.31738
1.33556
1.35374
1.37192
1.39011
1.40829
1.42647
1.44465
1.46283
1.48102
1.4992
1.51738
1.53556
1.55374
1.57192
1.59011
1.60829
1.62647
1.64465
1.66283
1.68102
1.6992
1.71738
1.73556
1.75374
1.77192
1.79011
1.80829
1.82647
1.84465
1.86283
1.88102
1.8992
1.91738
1.93556
1.95374
1.97192
1.99011
2.00829
2.02647
2.04465
2.06283
2.08102
2.0992
2.11738
2.13556
2.15374
2.17192
2.19011
2.20829
2.22647
2.24465
2.26283
2.28102
2.2992
2.31738
1.23347
1.241
1.24853
1.25606
1.26359
1.27112
1.27865
1.28618
1.29372
1.30125
1.30878
1.31631
1.32384
1.33137
1.3389
1.34643
1.35396
1.3615
1.36903
1.38721
1.40539
1.42357
1.44175
1.45994
1.47812
1.4963
1.51448
1.53266
1.55085
1.56903
1.58721
1.60539
1.62357
1.64175
1.65994
1.67812
1.6963
1.71448
1.73266
1.75085
1.76903
1.78721
1.80539
1.82357
1.84175
1.85994
1.87812
1.8963
1.88048
1.8623
1.84412
1.82594
1.80775
1.78957
1.77139
1.75321
1.73503
1.71684
1.69866
1.68048
1.6623
1.3049
1.28672
1.26854
1.25036
1.23217
1.21399
1.19581
1.18828
1.18075
1.17322
1.16569
1.15815
1.15062
1.14309
1.13556
1.12803
1.1205
1.11297
1.10544
1.09791
1.09037
1.08284
1.07531
1.06778
1.06025
1.05272
1.04519
1.03766
1.03012
1.02259
1.01506
1
1
1
1.05369
1.04602
1.03835
1.03068
1.02301
1.01534
1
1
1
1
1
1
1
1
1
1
1
1
1
1
1
1
1.01534
1.02301
1.03068
1.03835
1.04602
1.05369
1.06137
1.06904
1.07671
1.08438
1.09205
1.09972
1.10739
1.11506
1.12273
1.1304
1.14892
1.16744
1.18596
1.20448
1.22299
1.24151
1.26003
1.27855
1.29707
1.31559
1.3341
1.35262
1.37114
1.38966
1.40818
1.4267
1.44522
1.46373
1.48225
1.50077
1.51929
1.53781
1.55633
1.57485
1.59336
1.61188
1.6304
1.64892
1.66744
1.68596
1.70448
1.72299
1.74151
1.76003
1.77855
1.79707
1.81559
1.8341
1.85262
1.87114
1.88966
1.90818
1.9267
1.94522
1.96373
1.98225
2.00077
2.01929
2.03781
2.05633
2.07485
2.09336
2.11188
2.1304
2.14892
2.16744
2.18596
2.20448
2.22299
2.24151
2.26003
2.27855
2.29707
2.31559
2.3341
1.22245
1.23012
1.23779
1.24546
1.25313
1.2608
1.26847
1.27614
1.28381
1.29148
1.29915
1.30683
1.3145
1.32217
1.32984
1.33751
1.34518
1.35285
1.36052
1.36819
1.38671
1.40523
1.42375
1.44226
1.46078
1.4793
1.49782
1.51634
1.53486
1.55338
1.57189
1.59041
1.60893
1.62745
1.64597
1.66449
1.68301
1.70152
1.72004
1.73856
1.75708
1.7756
1.79412
1.81263
1.83115
1.84967
1.86819
1.88671
1.90523
1.92375
1.92298
1.90446
1.88594
1.86742
1.8489
1.83038
1.81186
1.79335
1.77483
1.26584
1.24732
1.2288
1.21028
1.19177
1.1841
1.17642
1.16875
1.16108
1.15341
1.14574
1.13807
1.1304
1.12273
1.11506
1.10739
1.09972
1.09205
1.08438
1.07671
1.06904
1.06136
1.05369
1.04602
1.03835
1.03068
1.02301
1.01534
1
1
1
1
1.05471
1.04689
1.03908
1.03126
1.02345
1.01563
1
1
1
1
1
1
1
1
1
1
1
1
1
1
1
1
1.01563
1.02345
1.03126
1.03908
1.04689
1.05471
1.06252
1.07034
1.07815
1.08597
1.09378
1.1016
1.10942
1.11723
1.12505
1.14391
1.16278
1.18165
1.20052
1.21939
1.23825
1.25712
1.27599
1.29486
1.31373
1.33259
1.35146
1.37033
1.3892
1.40806
1.42693
1.4458
1.46467
1.48354
1.5024
1.52127
1.54014
1.55901
1.57788
1.59674
1.61561
1.63448
1.65335
1.67222
1.69108
1.70995
1.72882
1.74769
1.76656
1.78542
1.80429
1.82316
1.84203
1.8609
1.87976
1.89863
1.9175
1.93637
1.95523
1.9741
1.99297
2.01184
2.03071
2.04957
2.06844
2.08731
2.10618
2.12505
2.14391
2.16278
2.18165
2.20052
2.21939
2.23825
2.25712
2.27599
2.29486
2.31373
2.33259
2.35146
1.21883
1.22665
1.23446
1.24228
1.25009
1.25791
1.26572
1.27354
1.28135
1.28917
1.29698
1.3048
1.31261
1.32043
1.32825
1.33606
1.34388
1.35169
1.35951
1.36732
1.38619
1.40506
1.42393
1.44279
1.46166
1.48053
1.4994
1.51827
1.53713
1.556
1.57487
1.59374
1.61261
1.63147
1.65034
1.66921
1.68808
1.70694
1.72581
1.74468
1.76355
1.78242
1.80128
1.82015
1.83902
1.85789
1.87676
1.89562
1.91449
1.93336
1.95223
1.96707
1.94821
1.92934
1.91047
1.8916
1.87273
1.24417
1.2253
1.20644
1.18757
1.17975
1.17194
1.16412
1.15631
1.14849
1.14068
1.13286
1.12505
1.11723
1.10942
1.1016
1.09378
1.08597
1.07815
1.07034
1.06252
1.05471
1.04689
1.03908
1.03126
1.02345
1.01563
1
1
1
1
1
1.06373
1.05576
1.04779
1.03983
1.03186
1.0239
1.01593
1
1
1
1
1
1
1
1
1
1
1
1
1
1
1
1
1.01593
1.0239
1.03186
1.03983
1.04779
1.05576
1.06373
1.07169
1.07966
1.08762
1.09559
1.10355
1.11152
1.11949
1.13872
1.15795
1.17718
1.19641
1.21564
1.23487
1.2541
1.27333
1.29256
1.31179
1.33102
1.35025
1.36949
1.38872
1.40795
1.42718
1.44641
1.46564
1.48487
1.5041
1.52333
1.54256
1.56179
1.58102
1.60025
1.61949
1.63872
1.65795
1.67718
1.69641
1.71564
1.73487
1.7541
1.77333
1.79256
1.81179
1.83102
1.85025
1.86949
1.88872
1.90795
1.92718
1.94641
1.96564
1.98487
2.0041
2.02333
2.04256
2.06179
2.08102
2.10025
2.11949
2.13872
2.15795
2.17718
2.19641
2.21564
2.23487
2.2541
2.27333
2.29256
2.31179
2.33102
2.35025
1.20711
1.21507
1.22304
1.231
1.23897
1.24694
1.2549
1.26287
1.27083
1.2788
1.28676
1.29473
1.30269
1.31066
1.31863
1.32659
1.33456
1.34252
1.35049
1.35845
1.36642
1.38565
1.40488
1.42411
1.44334
1.46257
1.4818
1.50104
1.52027
1.5395
1.55873
1.57796
1.59719
1.61642
1.63565
1.65488
1.67411
1.69334
1.71257
1.7318
1.75104
1.77027
1.7895
1.80873
1.82796
1.84719
1.86642
1.88565
1.90488
1.92411
1.94334
1.96257
1.9818
2.00104
1.99364
1.97441
1.22167
1.20244
1.18321
1.17524
1.16728
1.15931
1.15135
1.14338
1.13542
1.12745
1.11948
1.11152
1.10355
1.09559
1.08762
1.07966
1.07169
1.06373
1.05576
1.04779
1.03983
1.03186
1.0239
1.01593
1
1
1
1
1
1
1.06497
1.05685
1.04873
1.04061
1.03249
1.02437
1.01624
1
1
1
1
1
1
1
1
1
1
1
1
1
1
1
1
1.01624
1.02437
1.03249
1.04061
1.04873
1.05685
1.06497
1.0731
1.08122
1.08934
1.09746
1.10558
1.11371
1.13331
1.15292
1.17253
1.19214
1.21175
1.23135
1.25096
1.27057
1.29018
1.30978
1.32939
1.349
1.36861
1.38822
1.40782
1.42743
1.44704
1.46665
1.48626
1.50586
1.52547
1.54508
1.56469
1.58429
1.6039
1.62351
1.64312
1.66273
1.68233
1.70194
1.72155
1.74116
1.76076
1.78037
1.79998
1.81959
1.8392
1.8588
1.87841
1.89802
1.91763
1.93724
1.95684
1.97645
1.99606
2.01567
2.03527
2.05488
2.07449
2.0941
2.11371
2.13331
2.15292
2.17253
2.19214
2.21175
2.23135
2.25096
2.27057
2.29018
2.30978
2.32939
2.349
2.36861
1.19492
1.20305
1.21117
1.21929
1.22741
1.23553
1.24366
1.25178
1.2599
1.26802
1.27614
1.28426
1.29239
1.30051
1.30863
1.31675
1.32487
1.333
1.34112
1.34924
1.35736
1.36548
1.38509
1.4047
1.42431
1.44391
1.46352
1.48313
1.50274
1.52235
1.54195
1.56156
1.58117
1.60078
1.62039
1.63999
1.6596
1.67921
1.69882
1.71842
1.73803
1.75764
1.77725
1.79686
1.81646
1.83607
1.85568
1.87529
1.89489
1.9145
1.93411
1.95372
1.97333
1.99293
2.01254
2.03215
1.19829
1.17868
1.17056
1.16244
1.15432
1.14619
1.13807
1.12995
1.12183
1.11371
1.10558
1.09746
1.08934
1.08122
1.0731
1.06497
1.05685
1.04873
1.04061
1.03249
1.02437
1.01624
1
1
1
1
1
1
1.07456
1.06627
1.05799
1.04971
1.04142
1.03314
1.02485
1.01657
1
1
1
1
1
1
1
1
1
1
1
1
1
1
1
1
1.01657
1.02485
1.03314
1.04142
1.04971
1.05799
1.06627
1.07456
1.08284
1.09113
1.09941
1.1077
1.1277
1.1477
1.1677
1.1877
1.2077
1.2277
1.2477
1.2677
1.2877
1.3077
1.3277
1.3477
1.3677
1.3877
1.4077
1.4277
1.4477
1.4677
1.4877
1.5077
1.5277
1.5477
1.5677
1.5877
1.6077
1.6277
1.6477
1.6677
1.6877
1.7077
1.7277
1.7477
1.7677
1.7877
1.8077
1.8277
1.8477
1.8677
1.8877
1.9077
1.9277
1.9477
1.9677
1.9877
2.0077
2.0277
2.0477
2.0677
2.0877
2.1077
2.1277
2.1477
2.1677
2.1877
2.2077
2.2277
2.2477
2.2677
2.2877
2.3077
2.3277
2.3477
2.3677
1.18225
1.19054
1.19882
1.20711
1.21539
1.22368
1.23196
1.24024
1.24853
1.25681
1.2651
1.27338
1.28167
1.28995
1.29823
1.30652
1.3148
1.32309
1.33137
1.33966
1.34794
1.35622
1.36451
1.38451
1.40451
1.42451
1.44451
1.46451
1.48451
1.50451
1.52451
1.54451
1.56451
1.58451
1.60451
1.62451
1.64451
1.66451
1.68451
1.70451
1.72451
1.74451
1.76451
1.78451
1.80451
1.82451
1.84451
1.86451
1.88451
1.90451
1.92451
1.94451
1.96451
1.98451
2.00451
2.02451
1.19397
1.17397
1.16569
1.1574
1.14912
1.14083
1.13255
1.12426
1.11598
1.1077
1.09941
1.09113
1.08284
1.07456
1.06627
1.05799
1.04971
1.04142
1.03314
1.02485
1.01657
1
1
1
1
1
1
1
1.08453
1.07608
1.06763
1.05917
1.05072
1.04227
1.03381
1.02536
1.01691
1
1
1
1
1
1
1
1
1
1
1
1
1
1
1
1
1.01691
1.02536
1.03381
1.04227
1.05072
1.05917
1.06763
1.07608
1.08453
1.09299
1.10144
1.12185
1.14226
1.16266
1.18307
1.20348
1.22389
1.2443
1.26471
1.28511
1.30552
1.32593
1.34634
1.36675
1.38715
1.40756
1.42797
1.44838
1.46879
1.4892
1.5096
1.53001
1.55042
1.57083
1.59124
1.61164
1.63205
1.65246
1.67287
1.69328
1.71369
1.73409
1.7545
1.77491
1.79532
1.81573
1.83613
1.85654
1.87695
1.89736
1.91777
1.93818
1.95858
1.97899
1.9994
2.01981
2.04022
2.06062
2.08103
2.10144
2.12185
2.14226
2.16266
2.18307
2.20348
2.22389
2.2443
2.26471
2.28511
2.30552
2.32593
2.34634
2.36675
2.38715
1.16907
1.17752
1.18597
1.19443
1.20288
1.21133
1.21979
1.22824
1.23669
1.24515
1.2536
1.26205
1.27051
1.27896
1.28741
1.29587
1.30432
1.31277
1.32123
1.32968
1.33813
1.34659
1.35504
1.36349
1.3839
1.40431
1.42472
1.44513
1.46553
1.48594
1.50635
1.52676
1.54717
1.56758
1.58798
1.60839
1.6288
1.64921
1.66962
1.69002
1.71043
1.73084
1.75125
1.77166
1.79207
1.81247
1.83288
1.85329
1.8737
1.89411
1.91451
1.93492
1.95533
1.97574
1.99615
1.16907
1.16061
1.15216
1.14371
1.13525
1.1268
1.11835
1.10989
1.10144
1.09299
1.08453
1.07608
1.06763
1.05917
1.05072
1.04227
1.03381
1.02536
1.01691
1
1
1
1
1
1
1
1
1.08629
1.07767
1.06904
1.06041
1.05178
1.04315
1.03452
1.02589
1.01726
1
1
1
1
1
1
1
1
1
1
1
1
1
1
1
1
1.01726
1.02589
1.03452
1.04315
1.05178
1.06041
1.06904
1.07767
1.08629
1.09492
1.11576
1.13659
1.15742
1.17826
1.19909
1.21992
1.24076
1.26159
1.28242
1.30326
1.32409
1.34492
1.36576
1.38659
1.40742
1.42826
1.44909
1.46992
1.49076
1.51159
1.53242
1.55326
1.57409
1.59492
1.61576
1.63659
1.65742
1.67826
1.69909
1.71992
1.74076
1.76159
1.78242
1.80326
1.82409
1.84492
1.86576
1.88659
1.90742
1.92826
1.94909
1.96992
1.99076
2.01159
2.03242
2.05326
2.07409
2.09492
2.11576
2.13659
2.15742
2.17826
2.19909
2.21992
2.24076
2.26159
2.28242
2.30326
2.32409
2.34492
2.36576
2.38659
1.15533
1.16396
1.17259
1.18122
1.18985
1.19848
1.20711
1.21574
1.22437
1.233
1.24162
1.25025
1.25888
1.26751
1.27614
1.28477
1.2934
1.30203
1.31066
1.31929
1.32792
1.33655
1.34518
1.35381
1.36244
1.38327
1.4041
1.42494
1.44577
1.4666
1.48744
1.50827
1.5291
1.54994
1.57077
1.5916
1.61244
1.63327
1.6541
1.67494
1.69577
1.7166
1.73744
1.75827
1.7791
1.79994
1.82077
1.8416
1.86244
1.88327
1.9041
1.92494
1.94577
1.9666
1.98744
1.16396
1.15533
1.1467
1.13807
1.12944
1.12081
1.11218
1.10355
1.09492
1.08629
1.07767
1.06904
1.06041
1.05178
1.04315
1.03452
1.02589
1.01726
1
1
1
1
1
1
1
1
1
1.09694
1.08813
1.07932
1.0705
1.06169
1.05288
1.04407
1.03525
1.02644
1.01763
1
1
1
1
1
1
1
1
1
1
1
1
1
1
1
1
1.01763
1.02644
1.03525
1.04407
1.05288
1.06169
1.0705
1.07932
1.08813
1.10941
1.13068
1.15196
1.17324
1.19451
1.21579
1.23707
1.25834
1.27962
1.3009
1.32217
1.34345
1.36473
1.386
1.40728
1.42856
1.44983
1.47111
1.49239
1.51366
1.53494
1.55622
1.57749
1.59877
1.62005
1.64132
1.6626
1.68388
1.70515
1.72643
1.74771
1.76898
1.79026
1.81154
1.83281
1.85409
1.87536
1.89664
1.91792
1.93919
1.96047
1.98175
2.00302
2.0243
2.04558
2.06685
2.08813
2.10941
2.13068
2.15196
2.17324
2.19451
2.21579
2.23707
2.25834
2.27962
2.3009
2.32217
2.34345
2.36473
1.14101
1.14982
1.15863
1.16745
1.17626
1.18507
1.19389
1.2027
1.21151
1.22033
1.22914
1.23795
1.24677
1.25558
1.26439
1.2732
1.28202
1.29083
1.29964
1.30846
1.31727
1.32608
1.3349
1.34371
1.35252
1.36134
1.38261
1.40389
1.42517
1.44644
1.46772
1.489
1.51027
1.53155
1.55283
1.5741
1.59538
1.61665
1.63793
1.65921
1.68048
1.70176
1.72304
1.74431
1.76559
1.78687
1.80814
1.82942
1.8507
1.87197
1.89325
1.91453
1.9358
1.95708
1.97836
1.15864
1.14982
1.14101
1.1322
1.12338
1.11457
1.10576
1.09694
1.08813
1.07932
1.0705
1.06169
1.05288
1.04407
1.03525
1.02644
1.01763
1
1
1
1
1
1
1
1
1
1
1.10806
1.09905
1.09005
1.08104
1.07204
1.06303
1.05403
1.04502
1.03602
1.02701
1.01801
1
1
1
1
1
1
1
1
1
1
1
1
1
1
1
1
1.01801
1.02701
1.03602
1.04502
1.05403
1.06303
1.07204
1.08104
1.10278
1.12452
1.14626
1.168
1.18974
1.21148
1.23322
1.25496
1.27669
1.29843
1.32017
1.34191
1.36365
1.38539
1.40713
1.42887
1.45061
1.47235
1.49409
1.51582
1.53756
1.5593
1.58104
1.60278
1.62452
1.64626
1.668
1.68974
1.71148
1.73322
1.75496
1.77669
1.79843
1.82017
1.84191
1.86365
1.88539
1.90713
1.92887
1.95061
1.97235
1.99409
2.01582
2.03756
2.0593
2.08104
2.10278
2.12452
2.14626
2.168
2.18974
2.21148
2.23322
2.25496
2.27669
2.29843
2.32017
2.34191
1.11706
1.12606
1.13507
1.14407
1.15308
1.16208
1.17109
1.18009
1.1891
1.1981
1.20711
1.21611
1.22512
1.23412
1.24313
1.25213
1.26113
1.27014
1.27914
1.28815
1.29715
1.30616
1.31516
1.32417
1.33317
1.34218
1.35118
1.36019
1.38193
1.40366
1.4254
1.44714
1.46888
1.49062
1.51236
1.5341
1.55584
1.57758
1.59932
1.62106
1.64279
1.66453
1.68627
1.70801
1.72975
1.75149
1.77323
1.79497
1.81671
1.83845
1.86019
1.88193
1.90366
1.9254
1.94714
1.96888
1.15308
1.14407
1.13507
1.12607
1.11706
1.10806
1.09905
1.09005
1.08104
1.07204
1.06303
1.05403
1.04502
1.03602
1.02701
1.01801
1
1
1
1
1
1
1
1
1
1
1
1.11966
1.11046
1.10125
1.09205
1.08284
1.07364
1.06443
1.05523
1.04602
1.03682
1.02761
1.01841
1
1
1
1
1
1
1
1
1
1
1
1
1
1
1
1
1.01841
1.02761
1.03682
1.04602
1.05523
1.06443
1.07364
1.09586
1.11808
1.1403
1.42538
1.4476
1.46983
1.49205
1.51427
1.53649
1.55871
1.58094
1.60316
1.62538
1.6476
1.66983
1.69205
1.71427
1.73649
1.75871
1.78094
1.80316
1.82538
1.8476
1.86983
1.89205
1.91427
1.93649
1.95871
1.98094
2.00316
2.02538
2.0476
2.06983
2.09205
2.11427
2.13649
2.15871
2.18094
2.20316
2.22538
2.2476
2.26983
2.29205
2.31427
1.10125
1.11046
1.11966
1.12887
1.13807
1.14728
1.15648
1.16569
1.17489
1.18409
1.1933
1.2025
1.21171
1.22091
1.23012
1.23932
1.24853
1.25773
1.26694
1.27614
1.28535
1.29455
1.30376
1.31296
1.32217
1.33137
1.34058
1.34978
1.35899
1.38121
1.40343
1.42565
1.44787
1.4701
1.49232
1.51454
1.53676
1.55899
1.58121
1.60343
1.62565
1.64787
1.6701
1.69232
1.71454
1.73676
1.75899
1.78121
1.80343
1.82565
1.84787
1.8701
1.89232
1.91454
1.93676
1.95899
1.14728
1.13807
1.12887
1.11966
1.11046
1.10125
1.09205
1.08284
1.07364
1.06443
1.05523
1.04602
1.03682
1.02761
1.01841
1
1
1
1
1
1
1
1
1
1
1
1
1.1318
1.12238
1.11297
1.10355
1.09414
1.08473
1.07531
1.0659
1.05648
1.04707
1.03766
1.02824
1.01883
1
1
1
1
1
1
1
1
1
1
1
1
1
1
1
1
1.01883
1.02824
1.03766
1.04707
1.05648
1.0659
1.08863
1.60355
1.62628
1.64901
1.67174
1.69446
1.71719
1.73992
1.76264
1.78537
1.8081
1.83083
1.85355
1.87628
1.89901
1.92174
1.94446
1.96719
1.98992
2.01264
2.03537
2.0581
2.08083
2.10355
2.12628
2.14901
2.17174
2.19446
2.21719
2.23992
2.26264
1.07531
1.08473
1.09414
1.10355
1.11297
1.12238
1.1318
1.14121
1.15062
1.16004
1.16945
1.17886
1.18828
1.19769
1.20711
1.21652
1.22593
1.23535
1.24476
1.25418
1.26359
1.273
1.28242
1.29183
1.30125
1.31066
1.32007
1.32949
1.3389
1.34832
1.35773
1.38046
1.40318
1.42591
1.44864
1.47137
1.49409
1.51682
1.53955
1.56228
1.585
1.60773
1.63046
1.65318
1.67591
1.69864
1.72137
1.74409
1.76682
1.78955
1.81228
1.835
1.85773
1.88046
1.90318
1.92591
1.94864
1.14121
1.1318
1.12238
1.11297
1.10355
1.09414
1.08473
1.07531
1.0659
1.05648
1.04707
1.03766
1.02824
1.01883
1
1
1
1
1
1
1
1
1
1
1
1
1
1.14449
1.13486
1.12523
1.11559
1.10596
1.09633
1.0867
1.07706
1.06743
1.0578
1.04816
1.03853
1.0289
1.01927
1
1
1
1
1
1
1
1
1
1
1
1
1
1
1
1
1.01927
1.0289
1.03853
1.04816
1.0578
1.79001
1.81327
1.83653
1.85978
1.88304
1.90629
1.92955
1.9528
1.97606
1.99932
2.02257
2.04583
2.06908
2.09234
2.11559
2.13885
2.16211
1.03853
1.04816
1.0578
1.06743
1.07706
1.0867
1.09633
1.10596
1.11559
1.12523
1.13486
1.14449
1.15413
1.16376
1.17339
1.18302
1.19266
1.20229
1.21192
1.22156
1.23119
1.24082
1.25045
1.26009
1.26972
1.27935
1.28899
1.29862
1.30825
1.31789
1.32752
1.33715
1.34678
1.35642
1.37967
1.40293
1.42618
1.44944
1.4727
1.49595
1.51921
1.54246
1.56572
1.58897
1.61223
1.63549
1.65874
1.682
1.70525
1.72851
1.75177
1.77502
1.79828
1.82153
1.84479
1.86804
1.8913
1.91456
1.93781
1.13486
1.12523
1.11559
1.10596
1.09633
1.0867
1.07706
1.06743
1.0578
1.04816
1.03853
1.0289
1.01927
1
1
1
1
1
1
1
1
1
1
1
1
1
1
1
1.1578
1.14793
1.13807
1.12821
1.11835
1.10848
1.09862
1.08876
1.0789
1.06904
1.05917
1.04931
1.03945
1.02959
1.01972
1
1
1
1
1
1
1
1
1
1
1
1
1
1
1
1
1.01972
1.02959
1.03945
1.04931
1
1.01972
1.02959
1.03945
1.04931
1.05917
1.06904
1.0789
1.08876
1.09862
1.10848
1.11835
1.12821
1.13807
1.14793
1.1578
1.16766
1.17752
1.18738
1.19724
1.20711
1.21697
1.22683
1.23669
1.24656
1.25642
1.26628
1.27614
1.286
1.29587
1.30573
1.31559
1.32545
1.33532
1.34518
1.35504
1.37885
1.40266
1.42647
1.45028
1.47409
1.4979
1.52171
1.54552
1.56933
1.59314
1.61695
1.64075
1.66456
1.68837
1.71218
1.73599
1.7598
1.78361
1.80742
1.83123
1.85504
1.87885
1.90266
1.92647
1.13807
1.12821
1.11835
1.10848
1.09862
1.08876
1.0789
1.06904
1.05917
1.04931
1.03945
1.02959
1.01972
1
1
1
1
1
1
1
1
1
1
1
1
1
1
1
1
1.17175
1.16164
1.15154
1.14144
1.13134
1.12123
1.11113
1.10103
1.09092
1.08082
1.07072
1.06062
1.05051
1.04041
1.03031
1.02021
1.0101
1
1
1
1
1
1
1
1
1
1
1
1
1
1
1.0101
1.02021
1.03031
1.04041
1
1
1
1
1.0101
1.02021
1.03031
1.04041
1.05051
1.06062
1.07072
1.08082
1.09092
1.10103
1.11113
1.12123
1.13134
1.14144
1.15154
1.16164
1.17175
1.18185
1.19195
1.20206
1.21216
1.22226
1.23236
1.24247
1.25257
1.26267
1.27277
1.28288
1.29298
1.30308
1.31319
1.32329
1.33339
1.34349
1.3536
1.37799
1.40238
1.42677
1.45116
1.47555
1.49994
1.52433
1.54872
1.57311
1.5975
1.62189
1.64628
1.67067
1.69506
1.71945
1.74384
1.76823
1.79262
1.81701
1.8414
1.86579
1.89018
1.91457
1.13134
1.12123
1.11113
1.10103
1.09092
1.08082
1.07072
1.06062
1.05051
1.04041
1.03031
1.02021
1.0101
1
1
1
1
1
1
1
1
1
1
1
1
1
1
1.0101
1.02021
1.1864
1.17604
1.16569
1.15533
1.1864
1.17604
1.16569
1.15533
1.14497
1.13462
1.12426
1.11391
1.10355
1.0932
1.08284
1.07249
1.06213
1.05178
1.04142
1.03107
1.02071
1.01036
1
1
1
1
1
1
1
1
1
1
1
1
1
1
1.01036
1.02071
1.03107
1
1
1
1
1
1
1
1
1.01036
1.02071
1.03107
1.04142
1.05178
1.06213
1.07249
1.08284
1.0932
1.10355
1.11391
1.12426
1.13462
1.14497
1.15533
1.16569
1.17604
1.1864
1.19675
1.20711
1.21746
1.22782
1.23817
1.24853
1.25888
1.26924
1.27959
1.28995
1.30031
1.31066
1.32102
1.33137
1.34173
1.35208
1.37708
1.40208
1.42708
1.45208
1.47708
1.50208
1.52708
1.55208
1.57708
1.60208
1.62708
1.65208
1.67708
1.70208
1.72708
1.75208
1.77708
1.80208
1.82708
1.85208
1.87708
1.90208
1.12426
1.11391
1.10355
1.0932
1.08284
1.07249
1.06213
1.05178
1.04142
1.03107
1.02071
1.01036
1
1
1
1
1
1
1
1
1
1
1
1
1
1
1.01036
1.02071
1.03107
1.04142
1.19118
1.18055
1.16993
1.15931
1.14869
1.13807
1.12745
1.11683
1.10621
1.09559
1.08497
1.07435
1.06373
1.0531
1.04248
1.03186
1.02124
1.01062
1
1.21242
1.2018
1.19118
1.18055
1.16993
1.15931
1.14869
1.13807
1.12745
1.11683
1.10621
1.09559
1.08497
1.07435
1.06373
1.0531
1.04248
1.03186
1.02124
1.01062
1
1
1
1
1
1
1
1
1
1
1
1
1
1
1.01062
1.02124
1
1
1
1
1
1
1
1
1
1
1
1
1.01062
1.02124
1.03186
1.04248
1.0531
1.06373
1.07435
1.08497
1.09559
1.10621
1.11683
1.12745
1.13807
1.14869
1.15931
1.16993
1.18055
1.19118
1.2018
1.21242
1.22304
1.23366
1.24428
1.2549
1.26552
1.27614
1.28676
1.29738
1.30801
1.31863
1.32925
1.33987
1.35049
1.37613
1.40177
1.42741
1.45305
1.47869
1.50433
1.52998
1.55562
1.58126
1.6069
1.63254
1.65818
1.68382
1.70946
1.7351
1.76075
1.78639
1.81203
1.83767
1.86331
1.88895
1.11683
1.10621
1.09559
1.08497
1.07435
1.06373
1.0531
1.04248
1.03186
1.02124
1.01062
1
1
1
1
1
1
1
1
1
1
1
1
1
1
1.01062
1.02124
1.03186
1.04248
1.0531
1.06373
1.19621
1.18531
1.17441
1.16351
1.1526
1.1417
1.1308
1.1199
1.109
1.0981
1.0872
1.0763
1.0654
1.0545
1.0436
1.0327
1.0218
1.0109
1
1
1
1
1
1
1
1.23981
1.22891
1.21801
1.20711
1.19621
1.18531
1.17441
1.16351
1.1526
1.1417
1.1308
1.1199
1.109
1.0981
1.0872
1.0763
1.0654
1.0545
1.0436
1.0327
1.0218
1.0109
1
1
1
1
1
1
1
1
1
1
1
1
1
1
1.0109
1
1
1
1
1
1
1
1
1
1
1
1
1
1
1.0109
1.0218
1.0327
1.0436
1.0545
1.0654
1.0763
1.0872
1.0981
1.109
1.1199
1.1308
1.1417
1.1526
1.16351
1.17441
1.18531
1.19621
1.20711
1.21801
1.22891
1.23981
1.25071
1.26161
1.27251
1.28341
1.29431
1.30521
1.31611
1.32701
1.33791
1.34881
1.37513
1.40144
1.42776
1.45407
1.48039
1.50671
1.53302
1.55934
1.58565
1.61197
1.63829
1.6646
1.69092
1.71723
1.74355
1.76986
1.79618
1.8225
1.84881
1.87513
1.1199
1.109
1.0981
1.0872
1.0763
1.0654
1.0545
1.0436
1.0327
1.0218
1.0109
1
1
1
1
1
1
1
1
1
1
1
1
1
1
1.0109
1.0218
1.0327
1.0436
1.0545
1.0654
1.0763
1.0872
1.20151
1.19031
1.17912
1.16792
1.15673
1.14553
1.13434
1.12314
1.11195
1.10075
1.08956
1.07836
1.06717
1.05597
1.04478
1.03358
1.02239
1.0112
1
1
1
1
1
1
1
1
1
1
1
1
1.26868
1.25748
1.24629
1.23509
1.2239
1.2127
1.20151
1.19031
1.17912
1.16792
1.15673
1.14553
1.13434
1.12314
1.11195
1.10075
1.08956
1.07836
1.06717
1.05597
1.04478
1.03358
1.02239
1.0112
1
1
1
1
1
1
1
1
1
1
1
1
1
1
1.0112
1
1
1
1
1
1
1
1
1
1
1
1
1
1
1
1
1
1.0112
1.02239
1.03358
1.04478
1.05597
1.06717
1.07836
1.08956
1.10075
1.11195
1.12314
1.13434
1.14553
1.15673
1.16792
1.17912
1.19031
1.20151
1.2127
1.2239
1.23509
1.24629
1.25748
1.26868
1.27987
1.29107
1.30226
1.31346
1.32465
1.33585
1.34704
1.37407
1.4011
1.42813
1.45515
1.48218
1.50921
1.53623
1.56326
1.59029
1.61731
1.64434
1.67137
1.6984
1.72542
1.75245
1.77948
1.8065
1.83353
1.86056
1.11195
1.10075
1.08956
1.07836
1.06717
1.05597
1.04478
1.03358
1.02239
1.0112
1
1
1
1
1
1
1
1
1
1
1
1
1
1
1.0112
1.02239
1.03358
1.04478
1.05597
1.06717
1.07836
1.08956
1.10075
1.11195
1.12314
1.20711
1.1956
1.18409
1.17259
1.16108
1.14958
1.13807
1.12657
1.11506
1.10355
1.09205
1.08054
1.06904
1.05753
1.04602
1.03452
1.02301
1.01151
1
1
1
1
1
1
1
1
1
1
1
1
1
1
1
1
1
1.29915
1.28765
1.27614
1.26464
1.25313
1.24162
1.23012
1.21861
1.20711
1.1956
1.18409
1.17259
1.16108
1.14958
1.13807
1.12657
1.11506
1.10355
1.09205
1.08054
1.06904
1.05753
1.04602
1.03452
1.02301
1.01151
1
1
1
1
1
1
1
1
1
1
1
1
1
1
1
1
1
1
1
1
1
1
1
1
1
1
1
1
1
1
1
1
1.01151
1.02301
1.03452
1.04602
1.05753
1.06904
1.08054
1.09205
1.10355
1.11506
1.12657
1.13807
1.14958
1.16108
1.17259
1.18409
1.1956
1.20711
1.21861
1.23012
1.24162
1.25313
1.26464
1.27614
1.28765
1.29915
1.31066
1.32217
1.33367
1.34518
1.37296
1.40073
1.42851
1.45629
1.48407
1.51184
1.53962
1.5674
1.59518
1.62296
1.65073
1.67851
1.70629
1.73407
1.76184
1.78962
1.8174
1.84518
1.11506
1.10355
1.09205
1.08054
1.06904
1.05753
1.04602
1.03452
1.02301
1.01151
1
1
1
1
1
1
1
1
1
1
1
1
1
1
1.01151
1.02301
1.03452
1.04602
1.05753
1.06904
1.08054
1.09205
1.10355
1.11506
1.12657
1.13807
1.14958
1.16108
1.17259
1.18409
1.21302
1.20119
1.18935
1.17752
1.16569
1.15385
1.14202
1.13018
1.11835
1.10651
1.09468
1.08284
1.07101
1.05917
1.04734
1.0355
1.02367
1.01183
1
1
1
1
1
1
1
1
1
1
1
1
1
1
1
1
1
1
1
1.01183
1.02367
1.0355
1.34321
1.33137
1.31954
1.3077
1.29587
1.28403
1.2722
1.26036
1.24853
1.23669
1.22486
1.21302
1.20119
1.18935
1.17752
1.16569
1.15385
1.14202
1.13018
1.11835
1.10651
1.09468
1.08284
1.07101
1.05917
1.04734
1.0355
1.02367
1.01183
1
1
1
1
1
1
1
1
1
1
1
1
1
1
1
1
1
1
1
1
1
1
1
1
1
1
1
1
1
1
1
1
1
1
1.01183
1.02367
1.0355
1.04734
1.05917
1.07101
1.08284
1.09468
1.10651
1.11835
1.13018
1.14202
1.15385
1.16569
1.17752
1.18935
1.20119
1.21302
1.22486
1.23669
1.24853
1.26036
1.2722
1.28403
1.29587
1.3077
1.31954
1.33137
1.34321
1.37178
1.40035
1.42892
1.45749
1.48606
1.51463
1.54321
1.57178
1.60035
1.62892
1.65749
1.68606
1.71463
1.74321
1.77178
1.80035
1.82892
1.10651
1.09468
1.08284
1.07101
1.05917
1.04734
1.0355
1.02367
1.01183
1
1
1
1
1
1
1
1
1
1
1
1
1
1
1.01183
1.02367
1.0355
1.04734
1.05917
1.07101
1.08284
1.09468
1.10651
1.11835
1.13018
1.14202
1.15385
1.16569
1.17752
1.18935
1.20119
1.21302
1.22486
1.21929
1.20711
1.19492
1.18274
1.17056
1.15838
1.14619
1.13401
1.12183
1.10964
1.09746
1.08528
1.0731
1.06091
1.04873
1.03655
1.02437
1.01218
1
1
1
1
1
1
1
1
1
1
1
1
1
1
1
1
1
1
1
1.01218
1.02437
1.03655
1.04873
1.06091
1.0731
1.08528
1.09746
1.38271
1.41212
1.42935
1.39994
1.37053
1.34112
1.32893
1.31675
1.30457
1.29239
1.2802
1.26802
1.25584
1.24365
1.23147
1.21929
1.20711
1.19492
1.18274
1.17056
1.15838
1.14619
1.13401
1.12183
1.10964
1.09746
1.08528
1.0731
1.06091
1.04873
1.03655
1.02437
1.01218
1
1
1
1
1
1
1
1
1
1
1
1
1
1
1
1
1
1
1
1
1
1
1
1
1
1
1
1
1
1
1
1
1
1
1
1.01218
1.02437
1.03655
1.04873
1.06091
1.0731
1.08528
1.09746
1.10964
1.12183
1.13401
1.14619
1.15838
1.17056
1.18274
1.19492
1.20711
1.21929
1.23147
1.24365
1.25584
1.26802
1.2802
1.29239
1.30457
1.31675
1.32893
1.34112
1.37053
1.39994
1.42935
1.45876
1.48818
1.51759
1.547
1.57641
1.60582
1.63523
1.66465
1.69406
1.72347
1.75288
1.78229
1.81171
1.10964
1.09746
1.08528
1.0731
1.06091
1.04873
1.03655
1.02437
1.01218
1
1
1
1
1
1
1
1
1
1
1
1
1
1
1.01218
1.02437
1.03655
1.04873
1.06091
1.0731
1.08528
1.09746
1.10964
1.12183
1.13401
1.14619
1.15838
1.17056
1.18274
1.19492
1.20711
1.21929
1.23147
1.22593
1.21338
1.20083
1.18828
1.17573
1.16317
1.15062
1.13807
1.12552
1.11297
1.10042
1.08786
1.07531
1.06276
1.05021
1.03766
1.0251
1.01255
1
1
1
1
1
1
1
1
1
1
1
1
1
1
1
1
1
1
1
1.01255
1.0251
1.03766
1.05021
1.06276
1.07531
1.08786
1.10042
1.11297
1.12552
1.13807
1.15062
1.16317
1.17573
1.18828
1.20083
1.21338
1.22593
1.23849
1.25104
1.26359
1.27614
1.28869
1.30125
1.3138
1.32635
1.3389
1.35145
1.38176
1.41206
1.44236
1.46011
1.42981
1.39951
1.36921
1.3389
1.32635
1.3138
1.30125
1.28869
1.27614
1.26359
1.25104
1.23849
1.22593
1.21338
1.20083
1.18828
1.17573
1.16317
1.15062
1.13807
1.12552
1.11297
1.10042
1.08786
1.07531
1.06276
1.05021
1.03766
1.0251
1.01255
1
1
1
1
1
1
1
1
1
1
1
1
1
1
1
1
1
1
1
1
1
1
1
1
1
1
1
1
1
1
1
1
1
1
1
1
1.01255
1.0251
1.03766
1.05021
1.06276
1.07531
1.08786
1.10042
1.11297
1.12552
1.13807
1.15062
1.16317
1.17573
1.18828
1.20083
1.21338
1.22593
1.23849
1.25104
1.26359
1.27614
1.28869
1.30125
1.3138
1.32635
1.3389
1.36921
1.39951
1.42981
1.46011
1.49042
1.52072
1.55102
1.58133
1.61163
1.64193
1.67224
1.70254
1.73284
1.76314
1.79345
1.82375
1.10042
1.08786
1.07531
1.06276
1.05021
1.03766
1.0251
1.01255
1
1
1
1
1
1
1
1
1
1
1
1
1
1
1.01255
1.0251
1.03766
1.05021
1.06276
1.07531
1.08786
1.10042
1.11297
1.12552
1.13807
1.15062
1.16317
1.17573
1.18828
1.20083
1.21338
1.22593
1.23849
1.233
1.22005
1.20711
1.19416
1.18122
1.16827
1.15533
1.14239
1.12944
1.1165
1.10355
1.09061
1.07766
1.06472
1.05178
1.03883
1.02589
1.01294
1
1
1
1
1
1
1
1
1
1
1
1
1
1
1
1
1
1
1
1.01294
1.02589
1.03883
1.05178
1.06472
1.07766
1.09061
1.10355
1.1165
1.12944
1.14239
1.15533
1.16827
1.18122
1.19416
1.20711
1.22005
1.23299
1.24594
1.25888
1.27183
1.28477
1.29772
1.31066
1.3236
1.33655
1.34949
1.38074
1.41199
1.44324
1.47449
1.4928
1.46155
1.4303
1.39905
1.3678
1.33655
1.3236
1.31066
1.29772
1.28477
1.27183
1.25888
1.24594
1.23299
1.22005
1.20711
1.19416
1.18122
1.16827
1.15533
1.14239
1.12944
1.1165
1.10355
1.09061
1.07766
1.06472
1.05178
1.03883
1.02589
1.01294
1
1
1
1
1
1
1
1
1
1
1
1
1
1
1.01294
1
1
1
1
1
1
1
1
1
1
1
1
1
1
1
1
1
1
1
1
1
1
1.01294
1.02589
1.03883
1.05178
1.06472
1.07766
1.09061
1.10355
1.1165
1.12944
1.14239
1.15533
1.16827
1.18122
1.19416
1.20711
1.22005
1.23299
1.24594
1.25888
1.27183
1.28477
1.29772
1.31066
1.3236
1.33655
1.3678
1.39905
1.4303
1.46155
1.4928
1.52405
1.5553
1.58655
1.6178
1.64905
1.6803
1.71155
1.7428
1.77405
1.8053
1.10355
1.09061
1.07766
1.06472
1.05178
1.03883
1.02589
1.01294
1
1
1
1
1
1
1
1
1
1
1
1
1
1
1.01294
1.02589
1.03883
1.05178
1.06472
1.07766
1.09061
1.10355
1.1165
1.12944
1.14239
1.15533
1.16827
1.18122
1.19416
1.20711
1.22005
1.233
1.24594
1.24051
1.22715
1.21379
1.20043
1.18706
1.1737
1.16034
1.14698
1.13362
1.12026
1.10689
1.09353
1.08017
1.06681
1.05345
1.04009
1.02672
1.01336
1
1
1
1
1
1
1
1
1
1
1
1
1
1
1
1
1
1
1
1.01336
1.02672
1.04009
1.05345
1.06681
1.08017
1.09353
1.10689
1.12026
1.13362
1.14698
1.16034
1.1737
1.18706
1.20043
1.21379
1.22715
1.24051
1.25387
1.26723
1.2806
1.29396
1.30732
1.32068
1.33404
1.34741
1.37966
1.41192
1.44418
1.47644
1.5087
1.52759
1.49533
1.46308
1.43082
1.39856
1.3663
1.33404
1.32068
1.30732
1.29396
1.2806
1.26723
1.25387
1.24051
1.22715
1.21379
1.20043
1.18706
1.1737
1.16034
1.14698
1.13362
1.12026
1.10689
1.09353
1.08017
1.06681
1.05345
1.04009
1.02672
1.01336
1
1
1
1
1
1
1
1
1
1
1
1
1
1
1.02672
1.01336
1
1
1
1
1
1
1
1
1
1
1
1
1
1
1
1
1
1
1
1
1
1
1.01336
1.02672
1.04009
1.05345
1.06681
1.08017
1.09353
1.10689
1.12026
1.13362
1.14698
1.16034
1.1737
1.18706
1.20043
1.21379
1.22715
1.24051
1.25387
1.26723
1.2806
1.29396
1.30732
1.32068
1.33404
1.3663
1.39856
1.43082
1.46308
1.49533
1.52759
1.55985
1.59211
1.62437
1.65662
1.68888
1.72114
1.7534
1.78566
1.09353
1.08017
1.06681
1.05345
1.04009
1.02672
1.01336
1
1
1
1
1
1
1
1
1
1
1
1
1
1
1.01336
1.02672
1.04009
1.05345
1.06681
1.08017
1.09353
1.10689
1.12026
1.13362
1.14698
1.16034
1.1737
1.18706
1.20043
1.21379
1.22715
1.24051
1.25387
1.24853
1.23472
1.22091
1.20711
1.1933
1.17949
1.16569
1.15188
1.13807
1.12426
1.11046
1.09665
1.08284
1.06904
1.05523
1.04142
1.02761
1.01381
1
1
1
1
1
1
1
1
1
1
1
1
1
1
1
1
1
1
1
1.01381
1.02761
1.04142
1.05523
1.06904
1.08284
1.09665
1.11046
1.12426
1.13807
1.15188
1.16569
1.17949
1.1933
1.20711
1.22091
1.23472
1.24853
1.26234
1.27614
1.28995
1.30376
1.31756
1.33137
1.34518
1.37851
1.41184
1.44518
1.47851
1.51184
1.54518
1.5647
1.53137
1.49804
1.4647
1.43137
1.39804
1.3647
1.33137
1.31756
1.30376
1.28995
1.27614
1.26234
1.24853
1.23472
1.22091
1.20711
1.1933
1.17949
1.16569
1.15188
1.13807
1.12426
1.11046
1.09665
1.08284
1.06904
1.05523
1.04142
1.02761
1.01381
1
1
1
1
1
1
1
1
1
1
1
1
1
1
1.04142
1.02761
1.01381
1
1
1
1
1
1
1
1
1
1
1
1
1
1
1
1
1
1
1
1
1
1
1.01381
1.02761
1.04142
1.05523
1.06904
1.08284
1.09665
1.11046
1.12426
1.13807
1.15188
1.16569
1.17949
1.1933
1.20711
1.22091
1.23472
1.24853
1.26234
1.27614
1.28995
1.30376
1.31756
1.33137
1.3647
1.39804
1.43137
1.4647
1.49804
1.53137
1.5647
1.59804
1.63137
1.6647
1.69804
1.73137
1.7647
1.09665
1.08284
1.06904
1.05523
1.04142
1.02761
1.01381
1
1
1
1
1
1
1
1
1
1
1
1
1
1
1.01381
1.02761
1.04142
1.05523
1.06904
1.08284
1.09665
1.11046
1.12426
1.13807
1.15188
1.16569
1.17949
1.1933
1.20711
1.22091
1.23472
1.24853
1.26234
1.2571
1.24281
1.22853
1.21425
1.19996
1.18568
1.1714
1.15712
1.14283
1.12855
1.11427
1.09998
1.0857
1.07142
1.05713
1.04285
1.02857
1.01428
1
1
1
1
1
1
1
1
1
1
1
1
1
1
1
1
1
1
1
1.01428
1.02857
1.04285
1.05713
1.07142
1.0857
1.09998
1.11427
1.12855
1.14283
1.15712
1.1714
1.18568
1.19996
1.21425
1.22853
1.24281
1.2571
1.27138
1.28566
1.29995
1.31423
1.32851
1.3428
1.37728
1.41176
1.44625
1.48073
1.51521
1.54969
1.58418
1.60438
1.56989
1.53541
1.50093
1.46645
1.43196
1.39748
1.363
1.32851
1.31423
1.29995
1.28566
1.27138
1.2571
1.24281
1.22853
1.21425
1.19996
1.18568
1.1714
1.15712
1.14283
1.12855
1.11427
1.09998
1.0857
1.07142
1.05713
1.04285
1.02857
1.01428
1
1
1
1
1
1
1
1
1
1
1
1
1
1
1.04285
1.02857
1.01428
1
1
1
1
1
1
1
1
1
1
1
1
1
1
1
1
1
1
1
1
1
1
1.01428
1.02857
1.04285
1.05713
1.07142
1.0857
1.09998
1.11427
1.12855
1.14283
1.15712
1.1714
1.18568
1.19996
1.21425
1.22853
1.24281
1.2571
1.27138
1.28566
1.29995
1.31423
1.32851
1.363
1.39748
1.43196
1.46645
1.50093
1.53541
1.56989
1.60438
1.63886
1.67334
1.70782
1.74231
1.77679
1.0857
1.07142
1.05713
1.04285
1.02857
1.01428
1
1
1
1
1
1
1
1
1
1
1
1
1
1
1.01428
1.02857
1.04285
1.05713
1.07142
1.0857
1.09998
1.11427
1.12855
1.14283
1.15712
1.1714
1.18568
1.19996
1.21425
1.22853
1.24281
1.2571
1.27138
1.2872
1.25149
1.23669
1.2219
1.20711
1.19231
1.17752
1.16273
1.14793
1.13314
1.11835
1.10355
1.08876
1.07397
1.05917
1.04438
1.02959
1.01479
1
1
1
1
1
1
1
1
1
1
1
1
1
1
1
1
1
1
1
1.01479
1.02959
1.04438
1.05917
1.07397
1.08876
1.10355
1.11835
1.13314
1.14793
1.16273
1.17752
1.19231
1.20711
1.2219
1.23669
1.25149
1.26628
1.28107
1.29587
1.31066
1.32545
1.34025
1.37596
1.41168
1.44739
1.4831
1.51882
1.55453
1.59025
1.62596
1.64688
1.61117
1.57545
1.53974
1.50402
1.46831
1.4326
1.39688
1.36117
1.32545
1.31066
1.29587
1.28107
1.26628
1.25149
1.23669
1.2219
1.20711
1.19231
1.17752
1.16273
1.14793
1.13314
1.11835
1.10355
1.08876
1.07397
1.05917
1.04438
1.02959
1.01479
1
1
1
1
1
1
1
1
1
1
1
1
1
1
1.05917
1.04438
1.02959
1.01479
1
1
1
1
1
1
1
1
1
1
1
1
1
1
1
1
1
1
1
1
1
1
1.01479
1.02959
1.04438
1.05917
1.07397
1.08876
1.10355
1.11835
1.13314
1.14793
1.16273
1.17752
1.19231
1.20711
1.2219
1.23669
1.25149
1.26628
1.28107
1.29587
1.31066
1.32545
1.36117
1.39688
1.4326
1.46831
1.50402
1.53974
1.57545
1.61117
1.64688
1.6826
1.71831
1.75402
1.08876
1.07397
1.05917
1.04438
1.02959
1.01479
1
1
1
1
1
1
1
1
1
1
1
1
1
1
1.01479
1.02959
1.04438
1.05917
1.07397
1.08876
1.10355
1.11835
1.13314
1.14793
1.16273
1.17752
1.19231
1.20711
1.2219
1.23669
1.25149
1.26628
1.28107
1.31953
1.2825
1.24546
1.23012
1.21478
1.19944
1.18409
1.16875
1.15341
1.13807
1.12273
1.10739
1.09205
1.07671
1.06136
1.04602
1.03068
1.01534
1
1
1
1
1
1
1
1
1
1
1
1
1
1
1
1
1
1
1
1.01534
1.03068
1.04602
1.06136
1.07671
1.09205
1.10739
1.12273
1.13807
1.15341
1.16875
1.18409
1.19944
1.21478
1.23012
1.24546
1.2608
1.27614
1.29148
1.30682
1.32217
1.33751
1.37454
1.41158
1.44862
1.48566
1.52269
1.55973
1.59677
1.6338
1.67084
1.69254
1.6555
1.61846
1.58143
1.54439
1.50735
1.47031
1.43328
1.39624
1.3592
1.32217
1.30682
1.29148
1.27614
1.2608
1.24546
1.23012
1.21478
1.19944
1.18409
1.16875
1.15341
1.13807
1.12273
1.10739
1.09205
1.07671
1.06136
1.04602
1.03068
1.01534
1
1
1
1
1
1
1
1
1
1
1
1
1
1
1.06136
1.04602
1.03068
1.01534
1
1
1
1
1
1
1
1
1
1
1
1
1
1
1
1
1
1
1
1
1
1
1.01534
1.03068
1.04602
1.06136
1.07671
1.09205
1.10739
1.12273
1.13807
1.15341
1.16875
1.18409
1.19944
1.21478
1.23012
1.24546
1.2608
1.27614
1.29148
1.30682
1.32217
1.3592
1.39624
1.43328
1.47031
1.50735
1.54439
1.58143
1.61846
1.6555
1.69254
1.72957
1.09205
1.07671
1.06136
1.04602
1.03068
1.01534
1
1
1
1
1
1
1
1
1
1
1
1
1
1
1.01534
1.03068
1.04602
1.06136
1.07671
1.09205
1.10739
1.12273
1.13807
1.15341
1.16875
1.18409
1.19944
1.21478
1.23012
1.24546
1.2608
1.27614
1.29148
1.35435
1.31589
1.27743
1.23897
1.22304
1.20711
1.19118
1.17524
1.15931
1.14338
1.12745
1.11152
1.09559
1.07966
1.06373
1.04779
1.03186
1.01593
1
1
1
1
1
1
1
1
1
1
1
1
1
1
1
1
1
1
1
1.01593
1.03186
1.04779
1.06373
1.07966
1.09559
1.11152
1.12745
1.14338
1.15931
1.17524
1.19118
1.20711
1.22304
1.23897
1.2549
1.27083
1.28676
1.30269
1.31863
1.33456
1.37302
1.41148
1.44994
1.4884
1.52686
1.56533
1.60379
1.64225
1.68071
1.71917
1.7417
1.70324
1.66478
1.62632
1.58786
1.54939
1.51093
1.47247
1.43401
1.39555
1.35709
1.31863
1.30269
1.28676
1.27083
1.2549
1.23897
1.22304
1.20711
1.19118
1.17524
1.15931
1.14338
1.12745
1.11152
1.09559
1.07966
1.06373
1.04779
1.03186
1.01593
1
1
1
1
1
1
1
1
1
1
1
1
1
1
1.06373
1.04779
1.03186
1.01593
1
1
1
1
1
1
1
1
1
1
1
1
1
1
1
1
1
1
1
1
1
1
1.01593
1.03186
1.04779
1.06373
1.07966
1.09559
1.11152
1.12745
1.14338
1.15931
1.17524
1.19118
1.20711
1.22304
1.23897
1.2549
1.27083
1.28676
1.30269
1.31863
1.35709
1.39555
1.43401
1.47247
1.51093
1.54939
1.58786
1.62632
1.66478
1.70324
1.7417
1
1
1
1.07966
1.06373
1.04779
1.03186
1.01593
1
1
1
1
1
1
1
1
1
1
1
1
1
1
1.01593
1.03186
1.04779
1.06373
1.07966
1.09559
1.11152
1.12745
1.14338
1.15931
1.17524
1.19118
1.20711
1.22304
1.23897
1.2549
1.27083
1.28676
1.32522
1.39196
1.35196
1.31196
1.27196
1.23196
1.21539
1.19882
1.18225
1.16569
1.14912
1.13255
1.11598
1.09941
1.08284
1.06627
1.04971
1.03314
1.01657
1
1
1
1
1
1
1
1
1
1
1
1
1
1
1
1
1
1
1
1.01657
1.03314
1.04971
1.06627
1.08284
1.09941
1.11598
1.13255
1.14912
1.16569
1.18225
1.19882
1.21539
1.23196
1.24853
1.2651
1.28167
1.29823
1.3148
1.33137
1.37137
1.41137
1.45137
1.49137
1.53137
1.57137
1.61137
1.65137
1.69137
1.73137
1.77137
1.7948
1.7548
1.7148
1.6748
1.6348
1.5948
1.5548
1.5148
1.4748
1.4348
1.3948
1.3548
1.3148
1.29823
1.28167
1.2651
1.24853
1.23196
1.21539
1.19882
1.18225
1.16569
1.14912
1.13255
1.11598
1.09941
1.08284
1.06627
1.04971
1.03314
1.01657
1
1
1
1
1
1
1
1
1
1
1
1
1
1
1
1.06627
1.04971
1.03314
1.01657
1
1
1
1
1
1
1
1
1
1
1
1
1
1
1
1
1
1
1
1
1
1
1.01657
1.03314
1.04971
1.06627
1.08284
1.09941
1.11598
1.13255
1.14912
1.16569
1.18225
1.19882
1.21539
1.23196
1.24853
1.2651
1.28167
1.29823
1.3148
1.3548
1.3948
1.4348
1.4748
1.5148
1.5548
1.5948
1.6348
1.6748
1.7148
1
1
1
1
1
1
1
1
1
1
1.08284
1.06627
1.04971
1.03314
1.01657
1
1
1
1
1
1
1
1
1
1
1
1
1
1
1.01657
1.03314
1.04971
1.06627
1.08284
1.09941
1.11598
1.13255
1.14912
1.16569
1.18225
1.19882
1.21539
1.23196
1.24853
1.2651
1.28167
1.32167
1.36167
1.4327
1.39103
1.34937
1.3077
1.26603
1.22437
1.20711
1.18985
1.17259
1.15533
1.13807
1.12081
1.10355
1.08629
1.06904
1.05178
1.03452
1.01726
1
1
1
1
1
1
1
1
1
1
1
1
1
1
1
1
1
1
1
1.01726
1.03452
1.05178
1.06904
1.08629
1.10355
1.12081
1.13807
1.15533
1.17259
1.18985
1.20711
1.22437
1.24162
1.25888
1.27614
1.2934
1.31066
1.32792
1.36959
1.41125
1.45292
1.49459
1.53625
1.57792
1.61959
1.66125
1.70292
1.74459
1.78625
1.82792
1.85233
1.81066
1.76899
1.72733
1.68566
1.64399
1.60233
1.56066
1.51899
1.47733
1.43566
1.39399
1.35233
1.31066
1.2934
1.27614
1.25888
1.24162
1.22437
1.20711
1.18985
1.17259
1.15533
1.13807
1.12081
1.10355
1.08629
1.06904
1.05178
1.03452
1.01726
1
1
1
1
1
1
1
1
1
1
1
1
1
1
1
1.08629
1.06904
1.05178
1.03452
1.01726
1
1
1
1
1
1
1
1
1
1
1
1
1
1
1
1
1
1
1
1
1
1
1.01726
1.03452
1.05178
1.06904
1.08629
1.10355
1.12081
1.13807
1.15533
1.17259
1.18985
1.20711
1.22437
1.24162
1.25888
1.27614
1.2934
1.31066
1.35233
1.39399
1.43566
1.47733
1.51899
1.56066
1.60233
1.64399
1.68566
1
1
1
1
1
1
1
1
1
1
1
1
1
1
1.08629
1.06904
1.05178
1.03452
1.01726
1
1
1
1
1
1
1
1
1
1
1
1
1
1
1.01726
1.03452
1.05178
1.06904
1.08629
1.10355
1.12081
1.13807
1.15533
1.17259
1.18985
1.20711
1.22437
1.24162
1.25888
1.27614
1.31781
1.35948
1.40114
1.47698
1.4335
1.39002
1.34655
1.30307
1.25959
1.21611
1.1981
1.18009
1.16208
1.14407
1.12606
1.10806
1.09005
1.07204
1.05403
1.03602
1.01801
1
1
1
1
1
1
1
1
1
1
1
1
1
1
1
1
1
1
1
1.01801
1.03602
1.05403
1.07204
1.09005
1.10806
1.12606
1.14407
1.16208
1.18009
1.1981
1.21611
1.23412
1.25213
1.27014
1.28815
1.30616
1.32417
1.36765
1.41112
1.4546
1.49808
1.54156
1.58504
1.62851
1.67199
1.71547
1.75895
1.80243
1.84591
1.88938
1.91485
1.87138
1.8279
1.78442
1.74094
1.69746
1.65398
1.61051
1.56703
1.52355
1.48007
1.43659
1.39311
1.34964
1.30616
1.28815
1.27014
1.25213
1.23412
1.21611
1.1981
1.18009
1.16208
1.14407
1.12606
1.10806
1.09005
1.07204
1.05403
1.03602
1.01801
1
1
1
1
1
1
1
1
1
1
1
1
1
1
1
1.09005
1.07204
1.05403
1.03602
1.01801
1
1
1
1
1
1
1
1
1
1
1
1
1
1
1
1
1
1
1
1
1
1
1.01801
1.03602
1.05403
1.07204
1.09005
1.10806
1.12606
1.14407
1.16208
1.18009
1.1981
1.21611
1.23412
1.25213
1.27014
1.28815
1.30616
1.34964
1.39311
1.43659
1.48007
1.52355
1.56703
1.61051
1.65398
1.69746
1
1
1
1
1
1
1
1
1
1
1
1
1
1
1
1
1.07204
1.05403
1.03602
1.01801
1
1
1
1
1
1
1
1
1
1
1
1
1
1
1.01801
1.03602
1.05403
1.07204
1.09005
1.10806
1.12606
1.14407
1.16208
1.18009
1.1981
1.21611
1.23412
1.25213
1.27014
1.31362
1.3571
1.40057
1.44405
1.29802
1.25256
1.20711
1.18828
1.16945
1.15062
1.1318
1.11297
1.09414
1.07531
1.05648
1.03766
1.01883
1
1
1
1
1
1
1
1
1
1
1
1
1
1
1
1
1
1
1
1.01883
1.03766
1.05648
1.07531
1.09414
1.11297
1.1318
1.15062
1.16945
1.18828
1.20711
1.22593
1.24476
1.26359
1.28242
1.30125
1.32007
1.36553
1.41098
1.45644
1.50189
1.54735
1.5928
1.63826
1.68371
1.72916
1.77462
1.82007
1.86553
1.91098
1.95644
1.98306
1.93761
1.89216
1.8467
1.80125
1.75579
1.71034
1.66488
1.61943
1.57397
1.52852
1.48306
1.43761
1.39216
1.3467
1.30125
1.28242
1.26359
1.24476
1.22593
1.20711
1.18828
1.16945
1.15062
1.1318
1.11297
1.09414
1.07531
1.05648
1.03766
1.01883
1
1
1
1
1
1
1
1
1
1
1
1
1
1
1
1
1
1
1
1
1
1
1
1
1
1.09414
1.07531
1.05648
1.03766
1.01883
1
1
1
1
1
1
1
1
1
1
1
1
1
1
1
1
1
1
1
1
1
1
1.01883
1.03766
1.05648
1.07531
1.09414
1.11297
1.1318
1.15062
1.16945
1.18828
1.20711
1.22593
1.24476
1.26359
1.28242
1.30125
1.3467
1.39216
1.43761
1.48306
1.52852
1.57397
1.61943
1.66488
1
1
1
1
1
1
1
1
1
1
1
1
1
1
1
1
1
1
1.07531
1.05648
1.03766
1.01883
1
1
1
1
1
1
1
1
1
1
1
1
1
1
1.01883
1.03766
1.05648
1.07531
1.09414
1.11297
1.1318
1.15062
1.16945
1.18828
1.20711
1.22593
1.24476
1.26359
1.30904
1.3545
1.39995
1.44541
1.49086
1.24486
1.19724
1.17752
1.1578
1.13807
1.11835
1.09862
1.0789
1.05917
1.03945
1.01972
1
1
1
1
1
1
1
1
1
1
1
1
1
1
1
1
1
1
1
1.01972
1.03945
1.05917
1.0789
1.09862
1.11835
1.13807
1.1578
1.17752
1.19724
1.21697
1.23669
1.25642
1.27614
1.29587
1.31559
1.36321
1.41083
1.45845
1.50607
1.55369
1.60131
1.64892
1.69654
1.74416
1.79178
1.8394
1.88702
1.93464
1.98226
2.02988
2.05777
2.01015
1.96253
1.91491
1.8673
1.81968
1.77206
1.72444
1.67682
1.6292
1.58158
1.53396
1.48634
1.43872
1.3911
1.34349
1.29587
1.27614
1.25642
1.23669
1.21697
1.19724
1.17752
1.1578
1.13807
1.11835
1.09862
1.0789
1.05917
1.03945
1.01972
1
1
1
1
1
1
1
1
1
1
1
1
1
1
1
1
1
1
1
1
1
1
1
1
1
1
1
1
1
1
1
1.09862
1.0789
1.05917
1.03945
1.01972
1
1
1
1
1
1
1
1
1
1
1
1
1
1
1
1
1
1
1
1
1
1
1.01972
1.03945
1.05917
1.0789
1.09862
1.11835
1.13807
1.1578
1.17752
1.19724
1.21697
1.23669
1.25642
1.27614
1.29587
1.34349
1.3911
1.43872
1.48634
1.53396
1.58158
1.6292
1
1
1
1
1
1
1
1
1
1
1
1
1
1
1
1
1
1
1
1
1
1
1
1
1
1
1
1
1
1
1
1.0789
1.05917
1.03945
1.01972
1
1
1
1
1
1
1
1
1
1
1
1
1
1
1.01972
1.03945
1.05917
1.0789
1.09862
1.11835
1.13807
1.1578
1.17752
1.19724
1.21697
1.23669
1.25642
1.30404
1.35166
1.39927
1.44689
1.49451
1.54213
1.1864
1.16569
1.14497
1.12426
1.10355
1.08284
1.06213
1.04142
1.02071
1
1
1
1
1
1
1
1
1
1
1
1
1
1
1
1
1
1
1
1.02071
1.04142
1.06213
1.08284
1.10355
1.12426
1.14497
1.16569
1.1864
1.20711
1.22782
1.24853
1.26924
1.28995
1.31066
1.36066
1.41066
1.46066
1.51066
1.56066
1.61066
1.66066
1.71066
1.76066
1.81066
1.86066
1.91066
1.96066
2.01066
2.06066
2.11066
2.13995
2.08995
2.03995
1.98995
1.93995
1.88995
1.83995
1.78995
1.73995
1.68995
1.63995
1.58995
1.53995
1.48995
1.43995
1.38995
1.33995
1.28995
1.26924
1.24853
1.22782
1.20711
1.1864
1.16569
1.14497
1.12426
1.10355
1.08284
1.06213
1.04142
1.02071
1
1
1
1
1
1
1
1
1
1
1
1
1
1
1
1
1
1
1
1
1
1
1
1
1
1
1
1
1
1
1
1
1
1
1
1
1.10355
1.08284
1.06213
1.04142
1.02071
1
1
1
1
1
1
1
1
1
1
1
1
1
1
1
1
1
1
1
1
1
1
1.02071
1.04142
1.06213
1.08284
1.10355
1.12426
1.14497
1.16569
1.1864
1.20711
1.22782
1.24853
1.26924
1.28995
1.33995
1.38995
1.43995
1.48995
1.53995
1.58995
1
1
1
1
1
1
1
1
1
1
1
1
1
1
1
1
1
1
1
1
1
1
1
1
1
1
1
1
1
1
1
1
1
1
1
1
1
1
1.06213
1.04142
1.02071
1
1
1
1
1
1
1
1
1
1
1
1
1
1
1.02071
1.04142
1.06213
1.08284
1.10355
1.12426
1.14497
1.16569
1.1864
1.20711
1.22782
1.24853
1.29853
1.34853
1.39853
1.44853
1.49853
1.54853
1.59853
1.17441
1.1526
1.1308
1.109
1.0872
1.0654
1.0436
1.0218
1
1
1
1
1
1
1
1
1
1
1
1
1
1
1
1
1
1
1
1.0218
1.0436
1.0654
1.0872
1.109
1.1308
1.1526
1.17441
1.19621
1.21801
1.23981
1.26161
1.28341
1.30521
1.35784
1.41047
1.4631
1.51574
1.56837
1.621
1.67363
1.72626
1.77889
1.83153
1.88416
1.93679
1.98942
2.04205
2.09468
2.14732
2.19995
2.23078
2.17815
2.12551
2.07288
2.02025
1.96762
1.91499
1.86236
1.80972
1.75709
1.70446
1.65183
1.5992
1.54657
1.49394
1.4413
1.38867
1.33604
1.28341
1.26161
1.23981
1.21801
1.19621
1.17441
1.1526
1.1308
1.109
1.0872
1.0654
1.0436
1.0218
1
1
1
1
1
1
1
1
1
1
1
1
1
1
1
1
1
1
1
1
1
1
1
1
1
1
1
1
1
1
1
1
1
1
1
1
1
1
1
1.109
1.0872
1.0654
1.0436
1.0218
1
1
1
1
1
1
1
1
1
1
1
1
1
1
1
1
1
1
1
1
1
1
1.0218
1.0436
1.0654
1.0872
1.109
1.1308
1.1526
1.17441
1.19621
1.21801
1.23981
1.26161
1.28341
1.33604
1.38867
1.4413
1.49394
1.54657
1
1
1
1
1
1
1
1
1
1
1
1
1
1
1
1
1
1
1
1
1
1
1
1
1
1
1
1
1
1
1
1
1
1
1
1
1
1
1
1
1
1.0654
1.0436
1.0218
1
1
1
1
1
1
1
1
1
1
1
1
1
1
1.0218
1.0436
1.0654
1.0872
1.109
1.1308
1.1526
1.17441
1.19621
1.21801
1.23981
1.29244
1.34507
1.3977
1.45033
1.50297
1.5556
1.60823
1.66086
1.16108
1.13807
1.11506
1.09205
1.06904
1.04602
1.02301
1
1
1
1
1
1
1
1
1
1
1
1
1
1
1
1
1
1
1
1.02301
1.04602
1.06904
1.09205
1.11506
1.13807
1.16108
1.18409
1.20711
1.23012
1.25313
1.27614
1.29915
1.35471
1.41027
1.46582
1.52138
1.57693
1.63249
1.68804
1.7436
1.79915
1.85471
1.91027
1.96582
2.02138
2.07693
2.13249
2.18804
2.2436
2.29915
2.3317
2.27614
2.22059
2.16503
2.10948
2.05392
1.99836
1.94281
1.88725
1.8317
1.77614
1.72059
1.66503
1.60948
1.55392
1.49836
1.44281
1.38725
1.3317
1.27614
1.25313
1.23012
1.20711
1.18409
1.16108
1.13807
1.11506
1.09205
1.06904
1.04602
1.02301
1
1
1
1
1
1
1
1
1
1
1
1
1
1
1
1
1
1
1
1
1
1
1
1
1
1
1
1
1
1
1
1
1
1
1
1
1
1
1
1
1
1
1
1.11506
1.09205
1.06904
1.04602
1.02301
1
1
1
1
1
1
1
1
1
1
1
1
1
1
1
1
1
1
1
1
1
1
1.02301
1.04602
1.06904
1.09205
1.11506
1.13807
1.16108
1.18409
1.20711
1.23012
1.25313
1.27614
1.3317
1.38725
1.44281
1.49836
1.55392
1
1
1
1
1
1
1
1
1
1
1
1
1
1
1
1
1
1
1
1
1
1
1
1
1
1
1
1
1
1
1
1
1
1
1
1
1
1
1
1
1
1
1
1
1
1
1.06904
1.04602
1.02301
1
1
1
1
1
1
1
1
1
1
1
1
1
1
1.02301
1.04602
1.06904
1.09205
1.11506
1.13807
1.16108
1.18409
1.20711
1.23012
1.28567
1.34123
1.39679
1.14619
1.12183
1.09746
1.0731
1.04873
1.02437
1
1
1
1
1
1
1
1
1
1
1
1
1
1
1
1
1
1
1
1.02437
1.04873
1.0731
1.09746
1.12183
1.14619
1.17056
1.19492
1.21929
1.24365
1.26802
1.29239
1.35121
1.41003
1.46886
1.52768
1.5865
1.64533
1.70415
1.76297
1.8218
1.88062
1.93944
1.99827
2.05709
1.85626
1.79743
1.73861
1.67979
1.62096
1.56214
1.50331
1.44449
1.38567
1.32684
1.26802
1.24365
1.21929
1.19492
1.17056
1.14619
1.12183
1.09746
1.0731
1.04873
1.02437
1
1
1
1
1
1
1
1
1
1
1
1
1
1
1
1
1
1
1
1
1
1
1
1
1
1
1
1
1
1
1
1
1
1
1
1
1
1
1
1
1
1
1
1
1
1
1.09746
1.0731
1.04873
1.02437
1
1
1
1
1
1
1
1
1
1
1
1
1
1
1
1
1
1
1
1
1
1
1.02437
1.04873
1.0731
1.09746
1.12183
1.14619
1.17056
1.19492
1.21929
1.24365
1.26802
1.32684
1.38567
1.44449
1.50331
1
1
1
1
1
1
1
1
1
1
1
1
1
1
1
1
1
1
1
1
1
1
1
1
1
1
1
1
1
1
1
1
1
1
1
1
1
1
1
1
1
1
1
1
1
1
1
1
1.0731
1.04873
1.02437
1
1
1
1
1
1
1
1
1
1
1
1
1
1
1.02437
1.04873
1.0731
1.09746
1.12183
1.14619
1.17056
1.19492
1.21929
1.27811
1.12944
1.10355
1.07766
1.05178
1.02589
1
1
1
1
1
1
1
1
1
1
1
1
1
1
1
1
1
1
1
1.02589
1.05178
1.07766
1.10355
1.12944
1.15533
1.18122
1.20711
1.23299
1.25888
1.28477
1.34727
1.40977
1.47227
1.53477
1.59727
1.65977
1.50888
1.44638
1.38388
1.32138
1.25888
1.23299
1.20711
1.18122
1.15533
1.12944
1.10355
1.07766
1.05178
1.02589
1
1
1
1
1
1
1
1
1
1
1
1
1
1
1
1
1
1
1
1
1
1
1
1
1
1
1
1
1
1
1
1
1
1
1
1
1
1
1
1
1
1
1
1
1
1
1
1
1.10355
1.07766
1.05178
1.02589
1
1
1
1
1
1
1
1
1
1
1
1
1
1
1
1
1
1
1
1
1
1
1.02589
1.05178
1.07766
1.10355
1.12944
1.15533
1.18122
1.20711
1.23299
1.25888
1.32138
1.38388
1.44638
1
1
1
1
1
1
1
1
1
1
1
1
1
1
1
1
1
1
1
1
1
1
1
1
1
1
1
1
1
1
1
1
1
1
1
1
1
1
1
1
1
1
1
1
1
1
1
1
1
1
1
1
1.05178
1.02589
1
1
1
1
1
1
1
1
1
1
1
1
1
1
1.02589
1.05178
1.07766
1.10355
1.12944
1.15533
1.18122
1.20711
1.26961
1.11046
1.08284
1.05523
1.02761
1
1
1
1
1
1
1
1
1
1
1
1
1
1
1
1
1
1
1
1.02761
1.05523
1.08284
1.11046
1.13807
1.16569
1.1933
1.22091
1.24853
1.27614
1.34281
1.40948
1.47614
1.38186
1.31519
1.24853
1.22091
1.1933
1.16569
1.13807
1.11046
1.08284
1.05523
1.02761
1
1
1
1
1
1
1
1
1
1
1
1
1
1
1
1
1
1
1
1
1
1
1
1
1
1
1
1
1
1
1
1
1
1
1
1
1
1
1
1
1
1
1
1
1
1
1
1
1
1
1.11046
1.08284
1.05523
1.02761
1
1
1
1
1
1
1
1
1
1
1
1
1
1
1
1
1
1
1
1
1
1
1.02761
1.05523
1.08284
1.11046
1.13807
1.16569
1.1933
1.22091
1.24853
1.31519
1.38186
1
1
1
1
1
1
1
1
1
1
1
1
1
1
1
1
1
1
1
1
1
1
1
1
1
1
1
1
1
1
1
1
1
1
1
1
1
1
1
1
1
1
1
1
1
1
1
1
1
1
1
1
1
1
1.05523
1.02761
1
1
1
1
1
1
1
1
1
1
1
1
1
1
1.02761
1.05523
1.08284
1.11046
1.13807
1.16569
1.1933
1.08876
1.05917
1.02959
1
1
1
1
1
1
1
1
1
1
1
1
1
1
1
1
1
1
1
1.02959
1.05917
1.08876
1.11835
1.14793
1.17752
1.20711
1.23669
1.26628
1.33771
1.40914
1.30812
1.23669
1.20711
1.17752
1.14793
1.11835
1.08876
1.05917
1.02959
1
1
1
1
1
1
1
1
1
1
1
1
1
1
1
1
1
1
1
1
1
1
1
1
1
1
1
1
1
1
1
1
1
1
1
1
1
1
1
1
1
1
1
1
1
1
1
1
1
1
1
1
1.11835
1.08876
1.05917
1.02959
1
1
1
1
1
1
1
1
1
1
1
1
1
1
1
1
1
1
1
1
1
1
1.02959
1.05917
1.08876
1.11835
1.14793
1.17752
1.20711
1.23669
1.30812
1
1
1
1
1
1
1
1
1
1
1
1
1
1
1
1
1
1
1
1
1
1
1
1
1
1
1
1
1
1
1
1
1
1
1
1
1
1
1
1
1
1
1
1
1
1
1
1
1
1
1
1
1
1
1
1
1.05917
1.02959
1
1
1
1
1
1
1
1
1
1
1
1
1
1
1.02959
1.05917
1.08876
1.11835
1.14793
1.17752
1.09559
1.06373
1.03186
1
1
1
1
1
1
1
1
1
1
1
1
1
1
1
1
1
1
1
1.03186
1.06373
1.09559
1.12745
1.15931
1.19118
1.22304
1.2549
1.33182
1.22304
1.19118
1.15931
1.12745
1.09559
1.06373
1.03186
1
1
1
1
1
1
1
1
1
1
1
1
1
1
1
1
1
1
1
1
1
1
1
1
1
1
1
1
1
1
1
1
1
1
1
1
1
1
1
1
1
1
1
1
1
1
1
1
1
1
1
1
1
1
1
1.09559
1.06373
1.03186
1
1
1
1
1
1
1
1
1
1
1
1
1
1
1
1
1
1
1
1
1
1
1.03186
1.06373
1.09559
1.12745
1.15931
1.19118
1.22304
1.29996
1
1
1
1
1
1
1
1
1
1
1
1
1
1
1
1
1
1
1
1
1
1
1
1
1
1
1
1
1
1
1
1
1
1
1
1
1
1
1
1
1
1
1
1
1
1
1
1
1
1
1
1
1
1
1
1
1
1
1.06373
1.03186
1
1
1
1
1
1
1
1
1
1
1
1
1
1
1.03186
1.06373
1.09559
1.12745
1.15931
1.06904
1.03452
1
1
1
1
1
1
1
1
1
1
1
1
1
1
1
1
1
1
1
1.03452
1.06904
1.10355
1.13807
1.17259
1.20711
1.24162
1.20711
1.17259
1.13807
1.10355
1.06904
1.03452
1
1
1
1
1
1
1
1
1
1
1
1
1
1
1
1
1
1
1
1
1
1
1
1
1
1
1
1
1
1
1
1
1
1
1
1
1
1
1
1
1
1
1
1
1
1
1
1
1
1
1
1
1
1
1
1.10355
1.06904
1.03452
1
1
1
1
1
1
1
1
1
1
1
1
1
1
1
1
1
1
1
1
1
1
1.03452
1.06904
1.10355
1.13807
1.17259
1.20711
1.29044
1
1
1
1
1
1
1
1
1
1
1
1
1
1
1
1
1
1
1
1
1
1
1
1
1
1
1
1
1
1
1
1
1
1
1
1
1
1
1
1
1
1
1
1
1
1
1
1
1
1
1
1
1
1
1
1
1
1
1
1
1.06904
1.03452
1
1
1
1
1
1
1
1
1
1
1
1
1
1
1.03452
1.06904
1.10355
1.13807
1.07531
1.03766
1
1
1
1
1
1
1
1
1
1
1
1
1
1
1
1
1
1
1
1.03766
1.07531
1.11297
1.15062
1.18828
1.22593
1.18828
1.15062
1.11297
1.07531
1.03766
1
1
1
1
1
1
1
1
1
1
1
1
1
1
1
1
1
1
1
1
1
1
1
1
1
1
1
1
1
1
1
1
1
1
1
1
1
1
1
1
1
1
1
1
1
1
1
1
1
1
1
1
1
1
1
1
1
1
1.11297
1.07531
1.03766
1
1
1
1
1
1
1
1
1
1
1
1
1
1
1
1
1
1
1
1
1
1
1.03766
1.07531
1.11297
1.15062
1.18828
1.27919
1
1
1
1
1
1
1
1
1
1
1
1
1
1
1
1
1
1
1
1
1
1
1
1
1
1
1
1
1
1
1
1
1
1
1
1
1
1
1
1
1
1
1
1
1
1
1
1
1
1
1
1
1
1
1
1
1
1
1
1
1.03766
1
1
1
1
1
1
1
1
1
1
1
1
1
1
1.03766
1.07531
1.11297
1.15062
1.08284
1.04142
1
1
1
1
1
1
1
1
1
1
1
1
1
1
1
1
1
1
1
1.04142
1.08284
1.12426
1.16569
1.20711
1.16569
1.12426
1.08284
1.04142
1
1
1
1
1
1
1
1
1
1
1
1
1
1
1
1
1
1
1
1
1
1
1
1
1
1
1
1
1
1
1
1
1
1
1
1
1
1
1
1
1
1
1
1
1
1
1
1
1
1
1
1
1
1
1
1
1
1
1.08284
1.04142
1
1
1
1
1
1
1
1
1
1
1
1
1
1
1
1
1
1
1
1
1
1
1.04142
1.08284
1.12426
1.16569
1
1
1
1
1
1
1
1
1
1
1
1
1
1
1
1
1
1
1
1
1
1
1
1
1
1
1
1
1
1
1
1
1
1
1
1
1
1
1
1
1
1
1
1
1
1
1
1
1
1
1
1
1
1
1
1
1
1
1
1
1
1
1.04142
1
1
1
1
1
1
1
1
1
1
1
1
1
1
1.04142
1.08284
1.12426
1.04602
1
1
1
1
1
1
1
1
1
1
1
1
1
1
1
1
1
1
1
1.04602
1.09205
1.13807
1.18409
1.13807
1.09205
1.04602
1
1
1
1
1
1
1
1
1
1
1
1
1
1
1
1
1
1
1
1
1
1
1
1
1
1
1
1
1
1
1
1
1
1
1
1
1
1
1
1
1
1
1
1
1
1
1
1
1
1
1
1
1
1
1
1
1
1
1
1
1
1.09205
1.04602
1
1
1
1
1
1
1
1
1
1
1
1
1
1
1
1
1
1
1
1
1
1
1.04602
1.09205
1.13807
1.18409
1
1
1
1
1
1
1
1
1
1
1
1
1
1
1
1
1
1
1
1
1
1
1
1
1
1
1
1
1
1
1
1
1
1
1
1
1
1
1
1
1
1
1
1
1
1
1
1
1
1
1
1
1
1
1
1
1
1
1
1
1
1
1
1.04602
1
1
1
1
1
1
1
1
1
1
1
1
1
1
1.04602
1.09205
1.05178
1
1
1
1
1
1
1
1
1
1
1
1
1
1
1
1
1
1
1
1.05178
1.10355
1.15533
1.10355
1.05178
1
1
1
1
1
1
1
1
1
1
1
1
1
1
1
1
1
1
1
1
1
1
1
1
1
1
1
1
1
1
1
1
1
1
1
1
1
1
1
1
1
1
1
1
1
1
1
1
1
1
1
1
1
1
1
1
1
1
1
1
1
1.10355
1.05178
1
1
1
1
1
1
1
1
1
1
1
1
1
1
1
1
1
1
1
1
1
1
1.05178
1.10355
1.15533
1
1
1
1
1
1
1
1
1
1
1
1
1
1
1
1
1
1
1
1
1
1
1
1
1
1
1
1
1
1
1
1
1
1
1
1
1
1
1
1
1
1
1
1
1
1
1
1
1
1
1
1
1
1
1
1
1
1
1
1
1
1
1
1
1.05178
1
1
1
1
1
1
1
1
1
1
1
1
1
1
1.05178
1.10355
1.05917
1
1
1
1
1
1
1
1
1
1
1
1
1
1
1
1
1
1
1
1.05917
1.11835
1.11835
1.05917
1
1
1
1
1
1
1
1
1
1
1
1
1
1
1
1
1
1
1
1
1
1
1
1
1
1
1
1
1
1
1
1
1
1
1
1
1
1
1
1
1
1
1
1
1
1
1
1
1
1
1
1
1
1
1
1
1
1
1
1
1
1.05917
1
1
1
1
1
1
1
1
1
1
1
1
1
1
1
1
1
1
1
1
1
1
1.05917
1.11835
1
1
1
1
1
1
1
1
1
1
1
1
1
1
1
1
1
1
1
1
1
1
1
1
1
1
1
1
1
1
1
1
1
1
1
1
1
1
1
1
1
1
1
1
1
1
1
1
1
1
1
1
1
1
1
1
1
1
1
1
1
1
1
1
1.05917
1
1
1
1
1
1
1
1
1
1
1
1
1
1
1.05917
1
1
1
1
1
1
1
1
1
1
1
1
1
1
1
1
1
1
1
1.06904
1.13807
1.06904
1
1
1
1
1
1
1
1
1
1
1
1
1
1
1
1
1
1
1
1
1
1
1
1
1
1
1
1
1
1
1
1
1
1
1
1
1
1
1
1
1
1
1
1
1
1
1
1
1
1
1
1
1
1
1
1
1
1
1
1
1
1
1
1
1.06904
1
1
1
1
1
1
1
1
1
1
1
1
1
1
1
1
1
1
1
1
1
1
1.06904
1.13807
1
1
1
1
1
1
1
1
1
1
1
1
1
1
1
1
1
1
1
1
1
1
1
1
1
1
1
1
1
1
1
1
1
1
1
1
1
1
1
1
1
1
1
1
1
1
1
1
1
1
1
1
1
1
1
1
1
1
1
1
1
1
1
1
1
1.06904
1
1
1
1
1
1
1
1
1
1
1
1
1
1
1.06904
1
1
1
1
1
1
1
1
1
1
1
1
1
1
1
1
1
1
1
1.08284
1.08284
1
1
1
1
1
1
1
1
1
1
1
1
1
1
1
1
1
1
1
1
1
1
1
1
1
1
1
1
1
1
1
1
1
1
1
1
1
1
1
1
1
1
1
1
1
1
1
1
1
1
1
1
1
1
1
1
1
1
1
1
1
1
1
1
1.08284
1
1
1
1
1
1
1
1
1
1
1
1
1
1
1
1
1
1
1
1
1
1
1.08284
1
1
1
1
1
1
1
1
1
1
1
1
1
1
1
1
1
1
1
1
1
1
1
1
1
1
1
1
1
1
1
1
1
1
1
1
1
1
1
1
1
1
1
1
1
1
1
1
1
1
1
1
1
1
1
1
1
1
1
1
1
1
1
1
1
1
1.08284
1
1
1
1
1
1
1
1
1
1
1
1
1
1
1.08284
1
1
1
1
1
1
1
1
1
1
1
1
1
1
1
1
1
1
1
1.10355
1.10355
1
1
1
1
1
1
1
1
1
1
1
1
1
1
1
1
1
1
1
1
1
1
1
1
1
1
1
1
1
1
1
1
1
1
1
1
1
1
1
1
1
1
1
1
1
1
1
1
1
1
1
1
1
1
1
1
1
1
1
1
1
1
1
1
1.10355
1
1
1
1
1
1
1
1
1
1
1
1
1
1
1
1
1
1
1
1
1
1
1.10355
1
1
1
1
1
1
1
1
1
1
1
1
1
1
1
1
1
1
1
1
1
1
1
1
1
1
1
1
1
1
1
1
1
1
1
1
1
1
1
1
1
1
1
1
1
1
1
1
1
1
1
1
1
1
1
1
1
1
1
1
1
1
1
1
1
1
1.10355
1
1
1
1
1
1
1
1
1
1
1
1
1
1
1
1
1
1
1
1
1
1
1
1
1
1
1
1
1
1
1
1
1
1.13807
1
1
1
1
1
1
1
1
1
1
1
1
1
1
1
1
1
1
1
1
1
1
1
1
1
1
1
1
1
1
1
1
1
1
1
1
1
1
1
1
1
1
1
1
1
1
1
1
1
1
1
1
1
1
1
1
1
1
1
1
1
1
1
1
1.13807
1
1
1
1
1
1
1
1
1
1
1
1
1
1
1
1
1
1
1
1
1
1
1
1
1
1
1
1
1
1
1
1
1
1
1
1
1
1
1
1
1
1
1
1
1
1
1
1
1
1
1
1
1
1
1
1
1
1
1
1
1
1
1
1
1
1
1
1
1
1
1
1
1
1
1
1
1
1
1
1
1
1
1
1
1
1
1
1
1
1
1
1
1
1
1
1
1
1
1
1
1
1
1
1
1
1
1
1
1
1
1
1
1
1
1
1
1
1
1
1
1
1.20711
1
1
1
1
1
1
1
1
1
1
1
1
1
1
1
1
1
1
1
1
1
1
1
1
1
1
1
1
1
1
1
1
1
1
1
1
1
1
1
1
1
1
1
1
1
1
1
1
1
1
1
1
1
1
1
1
1
1
1
1
1
1
1
1
1.20711
1
1
1
1
1
1
1
1
1
1
1
1
1
1
1
1
1
1
1
1
1
1
1
1
1
1
1
1
1
1
1
1
1
1
1
1
1
1
1
1
1
1
1
1
1
1
1
1
1
1
1
1
1
1
1
1
1
1
1
1
1
1
1
1
1
1
1
1
1
1
1
1
1
1
1
1
1
1
1
1
1
1
1
1
1
1
1
1
1
1
1
1
1
1
1
1
1
1
1
1
1
1
1
1
1
1
1
1
1
1
1
1
1
1
1
1
1
1
1
1
1
1
1
1
1
1
1
1
1
1
1
1
1
1
1
1
1
1
1
1
1
1
1
1
1
1
1
1
1
1
1
1
1
1
1
1
1
1
1
1
1
1
1
1
1
1
1
1
1
1
1
1
1
1
1
1
1
1
1
1
1
1
1
1
1
1
1.41421
1
1
1
1
1
1
1
1
1
1
1
1
1
1
1
1
1
1
1
1
1
1
1
1
1
1
1
1
1
1
1
1
1
1
1
1
1
1
1
1
1
1
1
1
1
1
1
1
1
1
1
1
1
1
1
1
1
1
1
1
1
1
1
1
1
1
1
1
1
1
1
1
1
1
1
1
1
1
1
1
1
1
1
1
1
1
1
1
1
1
1
1
1
1
1
1
1
1
1
1
1
1
1
1
1
1
1
1
1
1
1
1
1
1
1
1
1
1
1
1
1
1
1
1
1
1
1
1
1
1
1
1
1
1
1
1
1
1
1
1
1
1
1
1
1
1
1
1
1
1
1
1
1
1
1
1
1
1
1
1
1
1
1
1
1
1
1
1
1
1
1
1
1
1
1
1
1
1
1
1
1
1
1
1
1
1
1
1
1
1
1
1
1
1
1
1
1
1
1
1
1
1
1
1
1
1
1
1
1
1
1
1
1
1
1
1
1
1
1
1
1
1
1
1
1
1
1
1
1
1
1
1
1
1
1
1
1
1
1
1
1
1
1
1
1
1
1
1
1
1
1
1
1
1
1
1
1
1
1
1
1
1
1
1
1
1
1
1
1
1
1
1
1
1
1
1
1
1
1
1
1
1
1
1
1
1
1
1
