0
0
0
0
0
0
0
0
0
0
0
0
0
0
1
1
1
1
1
1
1
1
1
1
1
1
1
1
1
2
2
2
2
2
2
2
2
2
2
2
2
2
2
2
3
3.41421
3
3
3
3
3.41421
3.41421
3
3
3
3
3
3
3.41421
3
3
3
4
4.41421
4
4
4.41421
4.41421
4
4
4
4
4
4.41421
4.41421
4
4
5
5
5.41421
5
5
5.41421
5.82843
5.82843
5.41421
5
5
5
5
5
5.41421
5.41421
5
5
6
6
6.41421
6
6
6.82843
6.82843
6
6
6
6
6.41421
6.41421
6
6
6
6
6
6
6
6
6
6
7
7
7
7.41421
7
7
7.82843
8.24264
8.24264
7.82843
7
7
7
7
7.41421
7.82843
7.82843
7.41421
7
7
7
7
7
7
7
8
8
8.41421
8
8
8
9.24264
9.65685
9.65685
9.24264
8
8
8
8
8.82843
8.82843
8
8
8
8
9
9
9
9.41421
9
9
10.6569
11.0711
12.0711
12.0711
11.0711
10.6569
9
9
9
9
9
9.82843
10.2426
10.2426
9.82843
9
9
9
9
9
9
10
10
10
10.8284
10.4142
10
10
12.4853
13.4853
14.4853
14.4853
13.4853
12.4853
10
10
10
10
11.2426
11.6569
11.6569
11.2426
10
10
10
10
10
11
11
11
11
11
11
11
11
11
11
11
11
11
11.8284
11
11
14.8995
15.8995
16.8995
17.8995
16.8995
15.8995
14.8995
11
11
11
11
12.6569
13.0711
12.6569
11
11
11
11
12
12
12
12
12
12
12
12
12.8284
12
12
12
12
12
12
12
12
12
13.6569
14.0711
15.0711
14.4853
14.0711
12
12
12
12
12
12
13
13
13
13
13
13
13
13
13.8284
13
13
13
13
13
13.4142
13
15.4853
16.4853
15.8995
15.4853
13
13
13
13
13
14
14
14
14
14
14
14
14
14
14
15.2426
14.8284
14
14
14
14
14
14
14.4142
16.8995
17.8995
18.8995
18.3137
17.3137
16.8995
14
14
14
14
15
15
15
15
15
15
15
15
15
15
15
15
15
15
15
16.2426
15
15
15
15
15
15
15.4142
19.3137
20.3137
21.3137
21.7279
20.7279
19.7279
18.7279
15
15
15
15
15
17.2426
16
16
16
16
16
16
16.4142
21.7279
22.7279
23.7279
24.7279
25.7279
25.1421
24.1421
23.1421
22.1421
16
16
16
16
16
18.6569
18.2426
17
17
17
17
17
17
17.4142
17
17
17
17
17
19.6569
18
18
18
18
18
18
18.4142
18
18
18
18
21.0711
20.6569
19
19
19
19
19
19
19
19.8284
19.4142
19
19
19
19
19
19
22.0711
20
20
20
20
20
20
20.8284
20
20
20
20
20
23.4853
23.0711
21
21
21
21
21
21
21
21.8284
21
21
21
21
21
21
24.4853
22
22
22
22
22
22
22.4142
23.2426
22.8284
22
22
22
22
22
22
25.8995
25.4853
23
23
23
23
23
23
23
23
23.4142
24.2426
23
23
23
23
23
23
27.3137
26.8995
24
24
24
24
24
24
24.4142
25.2426
24
24
24
24
24
24
24
28.3137
25
25
25
25
25
25
25.4142
25.8284
26.6569
26.2426
25
25
25
25
25
25
25
25
29.7279
29.3137
26
26
26
26
26
26
26.8284
28.0711
27.6569
26
26
26
26
26
26
26
26
31.1421
30.7279
27
27
27
27
27
27
27
27.8284
28.2426
29.0711
27.4142
27
27
27
27
27
32.5563
32.1421
28
28
28
28
28
28
28
28
29.2426
30.4853
30.0711
30.0711
29.6569
29.2426
28.8284
28.4142
28
28
28
28.4142
33.9706
33.5563
29
29
29
29
29
29
29
30.2426
30.6569
31.8995
31.4853
31.8995
31.4853
31.0711
29
29.4142
35.3848
34.9706
30
30
30
30
30
30
30
30
30
31.6569
32.0711
33.3137
32.8995
34.1421
33.7279
33.3137
32.8995
30
30
30.4142
36.799
36.3848
31
31
31
31
31
31
32.6569
32.2426
31.8284
31.4142
31
31.4142
31
33.0711
33.4853
34.4853
35.7279
34.7279
34.3137
35.9706
35.5563
35.1421
31
31.4142
31.8284
38.2132
37.799
32
32
32
32.4142
32.8284
33.2426
33.6569
35.7279
35.3137
34.8995
34.4853
34.0711
33.6569
32.4142
34.8995
35.8995
36.8995
38.1421
37.1421
36.1421
37.799
37.3848
36.9706
32
32
32.8284
33.2426
40.6274
39.6274
39.2132
33
34.6569
35.0711
35.4853
35.8995
36.3137
36.7279
37.1421
37.5563
37.1421
36.7279
33.4142
37.3137
38.3137
39.3137
40.3137
41.3137
42.3137
41.5564
40.5564
39.5564
38.5564
39.2132
39.2132
38.799
33
34.2426
43.0416
42.0416
41.0416
34
34.4142
39.3848
39.799
40.2132
34
34
35.2426
35.6569
44.4559
43.4559
35
35.8284
35.4142
39.9706
40.3848
35
36.6569
37.0711
56.5564
56.9706
57.3848
57.799
58.799
59.799
60.799
61.799
62.799
63.799
64.799
65.799
47.8701
46.8701
45.8701
44.8701
36
36
36.8284
40.1421
40.5563
40.9706
36
36
38.0711
38.4853
39.4853
55.5564
65.3848
66.3848
67.3848
68.3848
69.3848
70.3848
71.3848
72.3848
73.3848
51.2843
50.2843
49.2843
48.2843
37
38.2426
37.8284
40.3137
40.7279
41.1421
37
37
39.8995
40.8995
54.5564
72.9706
73.9706
74.9706
75.9706
76.9706
77.9706
78.5269
77.5269
76.5269
55.6985
54.6985
53.6985
52.6985
51.6985
38
39.2426
40.8995
41.3137
38
41.3137
42.3137
43.3137
44.3137
53.5564
76.1127
75.1127
74.1127
73.1127
72.1127
71.1127
70.1127
69.1127
68.1127
67.1127
66.1127
65.1127
64.1127
63.1127
62.1127
61.1127
60.1127
59.1127
58.1127
57.1127
56.1127
39
39
40.6569
40.2426
41.0711
41.4853
41.8995
39
39
44.7279
45.7279
46.7279
47.7279
53.1421
40
41.6569
41.6569
42.0711
40
40
48.1421
49.1421
50.1421
51.1421
52.1421
41
43.0711
42.6569
41.8284
42.2426
42.6569
41
42
42
44.4853
44.0711
42
42.4142
42.8284
42
42
43
45.4853
43
43
43
43
44
46.8995
46.4853
44
44
44
44
45
45
48.3137
47.8995
45
45
45
45
45
46
49.7279
49.3137
46
46
46
46
47
47
51.1422
50.7279
47
47
47
47
47
48
53.5564
52.5564
52.1422
48
48
48
48
49
49
54.9706
53.9706
49.4142
49
49
49
49
50
50
57.3848
56.3848
55.3848
51.2426
50.8284
50.4142
50
50
51
58.799
57.799
53.0711
52.6569
52.2426
51
51
52
52
61.2132
60.2132
59.2132
54.8995
54.4853
54.0711
52
52
53
53
64.6274
63.6274
62.6274
61.6274
57.1421
56.7279
56.3137
55.8995
53
53
54
54
68.0417
67.0417
66.0417
65.0417
58.9706
58.5564
58.1421
54
54
55
55
126.941
125.941
124.941
123.941
122.941
121.941
120.941
119.941
118.941
117.941
116.941
72.4559
71.4559
70.4559
69.4559
68.4559
61.2132
60.799
60.3848
59.9706
55
55
56
56
129.527
128.527
127.527
126.527
116.527
115.527
114.527
113.527
112.527
111.527
110.527
77.8701
76.8701
75.8701
74.8701
73.8701
72.8701
60.5564
60.9706
61.3848
61.799
62.2132
56
56
56
57
57
131.113
130.113
129.113
110.113
109.113
108.113
107.113
106.113
105.113
104.113
85.2843
84.2843
83.2843
82.2843
81.2843
80.2843
79.2843
78.2843
60.3137
60.7279
61.1421
61.5564
57
57.4142
58
58
131.699
130.699
103.699
102.699
101.699
100.699
99.6985
98.6985
97.6985
96.6985
95.6985
94.6985
93.6985
92.6985
91.6985
90.6985
89.6985
88.6985
87.6985
86.6985
85.6985
59.6569
60.0711
60.4853
60.8995
61.3137
58.4142
58.8284
66.8701
67.2843
67.6985
68.1127
68.5269
59
59
133.113
132.113
59
59.4142
59.8284
60.2426
60.6569
59.8284
60.2426
60.6569
66.4559
69.5269
69.9412
70.3554
70.7696
71.1838
71.598
72.0122
72.4264
73.4264
74.4264
75.4264
76.4264
77.4264
78.4264
79.4264
80.4264
60
60
60
134.527
133.527
60
60
60
60
60
61.6569
62.0711
62.4853
67.4559
80.8407
81.8407
82.8407
83.8407
84.8407
85.8407
86.8407
61.4142
61
61
135.941
134.941
61
61
61
63.4853
63.8995
64.3137
68.4559
87.2549
86.6397
85.6397
84.6397
83.6397
82.6397
63.2426
62.8284
62.4142
137.355
136.355
62
62
62
62
65.3137
65.7279
66.1421
66.5564
69.4559
83.0539
82.0539
81.6397
81.2254
80.8112
80.397
65.0711
64.6569
64.2426
137.77
63
63
67.5564
67.9706
68.3848
68.799
69.2132
69.6274
70.4559
81.397
80.9828
80.5686
80.1544
79.7402
79.3259
67.3137
66.8995
66.4853
66.0711
139.184
138.184
64
64
64
70.6274
71.0416
71.4559
80.3259
79.9117
79.4975
79.0833
78.6691
78.2549
69.9706
69.5563
69.1421
68.7279
68.3137
139.598
65
65
79.2549
78.8406
78.4264
78.0122
77.598
77.1838
76.7696
76.3554
75.9411
75.5269
75.1127
74.6985
74.2843
73.8701
73.4558
73.0416
72.6274
72.2132
71.799
71.3848
70.9706
140.012
66
66
140.426
67
67
140.841
68.4142
68
141.255
69.8284
69.4142
141.669
70.8284
142.083
72.2426
71.8284
142.498
73.2426
142.912
74.2426
143.326
142.326
75.2426
142.74
76.6569
76.2426
143.154
77.6569
143.569
142.569
99.5686
98.5686
97.5686
96.5686
95.5686
94.5686
93.5686
93.1544
92.7402
92.326
91.9117
78.6569
142.983
102.983
101.983
100.983
99.9828
92.9117
92.4975
92.0833
91.6691
79.6569
143.397
142.397
105.397
104.397
103.397
92.6691
92.2549
91.8407
80.6569
142.811
107.811
106.811
105.811
92.8407
92.4265
81.6569
143.225
142.225
109.225
108.225
93.4265
93.0122
92.598
82.6569
142.64
141.64
110.64
109.64
93.598
93.1838
83.6569
142.054
112.054
111.054
94.1838
93.7696
84.6569
85.0711
142.468
141.468
113.468
112.468
94.7696
86.0711
141.882
114.882
113.882
95.7696
95.3554
87.0711
142.297
141.297
116.297
115.297
96.3554
95.9412
88.0711
141.711
116.711
96.9412
89.0711
89.4853
142.125
141.125
118.125
117.711
97.9412
97.5269
90.4853
141.539
119.125
98.5269
91.4853
141.953
140.953
120.539
120.125
99.5269
99.1127
92.4853
92.8995
141.368
121.539
100.113
93.8995
141.782
122.539
101.113
94.8995
142.196
141.196
123.953
123.539
102.113
101.699
95.8995
96.3137
141.61
124.953
102.699
97.3137
142.024
125.953
103.699
98.3137
142.439
126.953
104.699
99.3137
142.853
127.953
105.699
100.314
143.267
142.267
128.953
106.699
101.314
142.681
129.953
107.699
102.314
143.096
130.953
108.699
103.314
103.728
