100.414
100.828
141.297
153.096
116.154
106.627
99.4142
99.8284
140.297
152.681
115.154
105.627
98.4142
98.8284
139.297
152.267
114.569
114.154
104.627
97.4142
97.8284
138.297
151.853
113.569
103.627
96.4142
96.8284
137.297
151.439
112.569
102.627
95.4142
95.8284
136.297
151.024
111.569
101.627
94.4142
94.8284
134.882
135.297
150.61
110.569
100.627
93.4142
93.8284
133.882
150.196
109.983
109.569
99.6274
92.4142
92.8284
132.882
149.782
108.983
98.6274
98.2132
91.4142
91.8284
92.2426
131.882
149.368
107.983
97.2132
90.4142
91.2426
130.468
130.882
148.953
107.397
106.983
96.2132
89.4142
90.2426
129.468
148.539
106.811
106.397
95.2132
88.4142
89.2426
128.468
148.125
105.811
94.2132
87.4142
88.2426
88.6569
127.054
127.468
147.711
148.711
105.225
104.811
93.2132
92.799
86.4142
87.6569
126.054
148.297
104.64
104.225
91.799
85.4142
86.6569
124.64
125.054
147.882
104.054
103.64
90.799
84.4142
85.6569
86.0711
123.64
147.468
103.468
103.054
89.799
83.4142
85.0711
122.225
122.64
147.054
102.882
102.468
88.799
88.3848
82.4142
84.0711
84.4853
121.225
146.64
102.297
101.882
87.3848
81.4142
83.4853
119.811
120.225
146.225
101.711
101.297
86.3848
80.4142
82.4853
82.8995
118.397
118.811
145.811
102.125
101.125
100.711
85.3848
84.9706
79.4142
81.8995
116.983
117.397
145.397
103.711
102.711
101.711
83.9706
78.4142
80.8995
81.3137
115.569
115.983
144.983
105.297
104.297
103.297
82.9706
82.5564
77.4142
80.3137
80.7279
114.569
144.569
107.882
106.882
105.882
104.882
81.5564
76.8284
76.4142
79.7279
80.1422
112.154
113.154
114.154
144.154
110.468
109.468
108.468
107.468
80.5564
75.8284
79.1422
79.5564
110.74
111.74
143.74
110.581
111.581
111.054
110.054
79.5564
79.1421
74.8284
78.5564
78.9706
109.326
110.326
143.326
105.167
106.167
107.167
108.167
109.167
110.167
78.1421
73.8284
77.9706
78.3848
107.912
108.912
142.912
100.752
101.752
102.752
103.752
104.752
77.1421
76.7279
72.8284
77.3848
77.799
105.498
106.498
107.498
142.498
98.5097
98.9239
99.3382
100.338
75.7279
71.8284
76.799
77.2132
77.6274
103.083
104.083
105.083
142.083
95.8529
96.2671
96.6813
97.0955
97.5097
74.7279
74.3137
70.8284
76.6274
77.0417
100.669
101.669
102.669
140.669
141.669
94.0244
94.4387
94.8529
73.3137
69.8284
76.0417
76.4559
76.8701
77.2843
98.2549
99.2549
100.255
140.255
91.7818
92.196
92.6102
93.0244
72.3137
71.8995
69.2426
68.8284
76.2843
76.6985
77.1127
77.5269
93.8407
94.8407
95.8407
96.8407
97.8407
139.841
89.9534
90.3676
90.7818
70.8995
68.2426
76.5269
76.9412
77.3554
77.7696
78.1838
78.598
88.4265
89.4265
90.4265
91.4265
92.4265
93.4265
139.426
88.1249
88.5391
88.9534
69.8995
69.4853
67.2426
77.598
78.0122
79.0122
80.0122
81.0122
82.0122
83.0122
84.0122
85.0122
86.0122
87.0122
88.0122
138.012
139.012
86.2965
86.7107
87.1249
68.4853
66.2426
137.598
84.4681
84.8823
85.2965
67.4853
67.0711
65.2426
136.184
137.184
83.0539
83.4681
66.0711
64.6569
64.2426
135.77
81.2254
81.6396
82.0539
65.0711
64.6569
63.6569
134.355
135.355
79.397
79.8112
80.2254
63.6569
63.2426
62.6569
133.941
77.9828
78.397
62.2426
62.0711
61.6569
132.527
133.527
76.1544
76.5686
76.9828
61.2426
60.8284
61.0711
131.113
132.113
74.7401
75.1544
59.8284
59.4142
60.0711
130.699
72.9117
73.3259
73.7401
58.4142
59.4853
59.0711
129.284
130.284
71.0833
71.4975
71.9117
83.598
82.598
81.598
80.598
79.598
57.4142
57
58.4853
127.87
128.87
69.6691
70.0833
91.0122
90.0122
89.0122
88.0122
87.0122
86.0122
85.0122
84.0122
79.1838
78.1838
77.1838
76.1838
75.1838
74.1838
73.1838
72.1838
56
56
57.4853
126.456
127.456
67.8406
68.2548
68.6691
95.4264
94.4264
93.4264
92.4264
91.4264
71.7696
70.7696
69.7696
68.7696
55
56.8995
56.4853
125.042
126.042
66.0122
66.4264
66.8406
98.8407
97.8407
96.8407
95.8407
68.3554
67.3554
66.3554
54
54
55.8995
122.627
123.627
124.627
64.598
65.0122
102.255
101.255
100.255
99.2549
65.9411
64.9411
63.9412
53
53
55.3137
54.8995
121.213
122.213
62.7696
63.1838
63.598
104.054
103.669
102.669
63.5269
62.5269
61.5269
52
52
54.3137
118.799
119.799
120.799
60.9411
61.3553
61.7696
101.64
102.64
103.64
61.1127
60.1127
51
53.7279
53.3137
117.385
118.385
59.1127
59.5269
59.9411
98.2254
99.2254
100.225
101.225
59.6985
58.6985
58.2843
50
50
53.1421
52.7279
114.971
115.971
116.971
57.2843
57.6985
58.1127
95.8112
96.8112
97.8112
57.2843
56.8701
49
49
52.1421
111.556
112.556
113.556
114.556
55.4558
55.8701
56.2843
93.397
94.397
95.397
55.8701
55.4559
48
48
51.5563
51.1421
108.142
109.142
110.142
111.142
53.6274
54.0416
54.4558
90.9828
91.9828
92.9828
54.4559
54.0416
47
47
50.9706
50.5563
51.7279
52.7279
53.7279
54.7279
55.7279
56.7279
57.7279
58.7279
59.7279
60.7279
61.7279
62.7279
63.7279
103.728
104.728
105.728
106.728
107.728
51.3848
51.799
52.2132
52.6274
88.5686
89.5686
90.5686
53.0416
52.6274
46
46
50.3848
49.9706
48.3137
49.3137
50.3137
51.3137
64.1422
65.1422
66.1422
67.1422
68.1422
69.1422
70.1422
99.1422
100.142
101.142
102.142
103.142
104.142
49.5563
49.9706
50.3848
86.1544
87.1544
88.1544
51.6274
51.2132
45
45
49.799
49.3848
46.4853
46.8995
47.8995
70.5564
71.5564
72.5564
73.5564
74.5564
75.5564
76.5564
92.5564
93.5564
94.5564
95.5564
96.5564
97.5564
98.5564
99.5564
47.3137
47.7279
48.1421
48.5563
83.7401
84.7401
85.7401
50.2132
49.799
44
44
49.2132
48.799
45.0711
45.4853
76.9706
77.9706
78.9706
79.9706
80.9706
81.9706
82.9706
83.9706
84.9706
85.9706
86.9706
87.9706
88.9706
89.9706
90.9706
91.9706
92.9706
44.6569
45.0711
45.4853
45.8995
46.3137
81.3259
82.3259
83.3259
48.799
43
43
43
48.6274
48.2132
43.6569
44.0711
42.4142
42.8284
43.2426
43.6569
78.9117
79.9117
80.9117
47.799
47.3848
42
42.4142
48.0416
47.6274
42.2426
42.6569
41
41
41
41
41.4142
76.4975
77.4975
78.4975
46.3848
45.9706
41.4142
41.8284
47.4558
47.0416
46.6274
46.2132
47.4558
47.0416
40.8284
41.2426
40
40
40
40
40
74.0833
75.0833
76.0833
44.9706
44.5564
40.8284
41.2426
41.6569
46.4558
45.2132
44.799
44.3848
43.9706
43.5563
43.1421
42.7279
42.3137
41.8995
41.4853
41.0711
40.6569
40.2426
39.8284
39.4142
39
47.2843
46.8701
46.4558
39.4142
39.8284
39
39
39
39
39
71.6691
72.6691
73.6691
43.5564
40.6569
41.0711
41.4853
45.4558
38
38
38
38
38
38
38
47.1127
46.6985
46.2843
38.4142
38
38
38
69.2548
70.2548
71.2548
42.5564
42.1421
40.4853
40.8995
41.3137
44.4558
37
37
37
37
37
37
46.9411
46.5269
46.1127
37
37.4142
37
37
37
37
66.8406
67.8406
68.8406
41.1421
40.3137
40.7279
41.1421
41.5563
43.4558
36
36
36
36
36
36
46.7696
46.3553
45.9411
36
36
36
64.4264
65.4264
66.4264
40.1421
39.7279
40.5563
40.9706
41.3848
41.799
42.2132
42.6274
42.4558
35
35
35
35.4142
35.8284
36.2426
47.0122
46.598
46.1838
45.7696
35
35
35
35
62.0122
63.0122
64.0122
38.7279
41.6274
42.0416
42.4558
42.8701
35.2426
35.6569
36.0711
36.4853
36.8995
37.3137
47.0122
48.0122
48.598
47.598
46.598
34
34
34
60.598
61.598
37.7279
37.3137
36.3137
36.7279
37.1421
37.5563
37.9706
38.3848
38.799
39.2132
39.6274
40.0416
40.4558
40.8701
41.2843
41.6985
42.1127
42.5269
42.9411
43.3553
43.7696
44.1838
44.598
45.598
46.598
33
33
33
58.1838
59.1838
60.1838
36.3137
32
32.4142
32
55.7696
56.7696
57.7696
35.3137
34.8995
31
31.8284
31.4142
53.3553
54.3553
55.3553
33.8995
30
31.2426
30.8284
51.9411
52.9411
32.8995
32.4853
29
30.2426
49.5269
50.5269
51.5269
31.4853
28
29.6569
29.2426
47.1127
48.1127
49.1127
30.4853
27
28.6569
45.6985
46.6985
29.4853
29.0711
26
27.6569
43.2843
44.2843
45.2843
26
26
26
28.0711
25
25
26.6569
40.8701
41.8701
42.8701
25
25
25
25
25
25
25
25
25
27.0711
24
26.0711
25.6569
39.4558
40.4558
24
24
24
24
24
24
26.0711
25.6569
33.9706
32.9706
31.9706
30.9706
29.9706
28.9706
23
25.0711
37.0416
38.0416
39.0416
23
23
23
23
24.6569
33.2132
28.5563
27.5563
26.5563
22
22
22
22
22
22
22
22
22
22
22
24.0711
34.6274
35.6274
36.6274
22
22
22
22
23.6569
32.799
26.1421
25.1421
24.7279
21
21
21
21
21
21
21
21
21
23.0711
32.2132
33.2132
34.2132
21
21
21
21
21
21
21
21
21
21
21
21
21
21
21
22.6569
22.2426
32.3848
23.7279
23.3137
20
20
20
20
20
20
20
20
22.0711
29.799
30.799
31.799
20
20
20
20
20
20
20
20
20
20
20
21.2426
31.9706
22.3137
21.8995
19
19
19
19
19
19
21.0711
28.3848
29.3848
19
19
19
19
19
19
19
20.2426
25.5563
26.5563
27.5563
28.5563
29.5563
30.5563
31.5563
20.8995
20.4853
35.3848
36.3848
37.3848
38.3848
39.3848
40.3848
41.3848
41.9706
40.9706
39.9706
38.9706
37.9706
36.9706
35.9706
34.9706
33.9706
32.9706
31.9706
18
18
18
18
18
18
18
20.0711
19.6569
25.9706
26.9706
27.9706
18
18
18
18
18
18
18
18
18
19.2426
22.1421
23.1421
24.1421
25.1421
19.4853
19.0711
26.9706
27.9706
28.9706
29.9706
30.9706
31.9706
32.9706
33.9706
34.9706
31.5563
30.5563
29.5563
28.5563
27.5563
26.5563
25.5563
24.5563
17
17
17
17
17
17
18.6569
23.5563
24.5563
25.5563
17
17
17
17
17
17
18.2426
17.8284
20.7279
21.7279
18.0711
17.6569
22.5563
23.5563
24.5563
25.5563
26.5563
24.1421
23.1421
22.1421
21.1421
16
16
16
16
16
17.6569
21.1421
22.1421
23.1421
16
16
16
16
16
16
16
16
16.8284
18.8995
19.3137
20.3137
16.6569
16.2426
20.1421
21.1421
22.1421
20.7279
19.7279
18.7279
15
15
15
15
15
16.6569
18.7279
19.7279
20.7279
15
15
15
15
15
15
15.8284
17.4853
17.8995
15.2426
17.7279
18.7279
19.7279
18.3137
17.3137
16.8995
14
14
14
14
14
15.6569
15.2426
17.3137
18.3137
14
14
14
14
14
14
14.8284
16.0711
16.4853
14.2426
13.8284
15.8995
16.3137
17.3137
15.8995
15.4853
13
13
13
13
13
13
14.2426
15.8995
16.8995
13
13
13
13
13
13
13.8284
14.6569
15.0711
12.8284
14.4853
14.8995
14.4853
14.0711
12
12
12
13.2426
14.4853
15.4853
12
12
12
12
12
12
12.8284
12.4142
13.6569
11.8284
13.0711
13.4853
13.0711
12.6569
11
11
11
11
11
11
12.2426
11.8284
12.6569
13.0711
14.0711
11
11
11
11
11.4142
12.2426
12.6569
10.8284
10.4142
11.6569
12.0711
11.6569
11.2426
10
10
10
10.8284
11.6569
10
10
10
10
10
10
10.4142
10.8284
11.2426
9.41421
10.2426
10.6569
10.2426
9.82843
9
9
9
9
9
9
9.82843
10.2426
10.6569
9
9
9
9
9
9.41421
9.82843
8.41421
8.82843
9.24264
8.82843
8
8
8
8.82843
8.41421
8.82843
9.24264
8
8
8
8
8
8.41421
8.41421
8.82843
7.41421
7
7.82843
7.82843
7.41421
7
7
7
7.41421
7.82843
7
7
7
7
7.41421
7.41421
6
6.41421
6.82843
6.41421
6
6
6
6
6
6
6.41421
6.41421
6.82843
6
6
6
6
6
6.41421
6.41421
5
5.41421
5.41421
5
5
5
5.41421
5.41421
5
5
5
5
5
5.41421
5
5.41421
4
4.41421
4.41421
4
4
4
4
4.41421
4
4.41421
4
4
4
4
4.41421
4
4
3
3.41421
3
3
3
3
3.41421
3
3
3
3
3
3
3
2
2
2.41421
2
2
2
2
2.41421
2
2
2
2
2
2
2
1
1
1
1
1
1
1
1.41421
1
1
1
1
1
1
1
1
0
0
0
0
0
0
0
0
0
0
0
0
0
0
