24
24
24
25.0711
23
23
23
23
23
23
23.4142
22
22.4142
22.8284
23.2426
23.6569
24.0711
24.4853
24.8995
25.3137
25.7279
22
22
22.4142
22.8284
21
21
21
24.7279
25.1421
21
21
21.8284
22.2426
20
20
20
24.1421
24.5563
20
20
21.2426
20
19
19
19
23.5563
23.9706
19
20.2426
20.6569
19
19
19
19
19
19
19
18
18
18
22.9706
18
18
19.6569
18
18
18
18
18
18
17
17
21.9706
22.3848
17
18.6569
17
17
17
17
16
16
16
21.3848
16
16
17.6569
16
16
16
15
15
19.9706
20.9706
15
16.6569
15
15
15
15
14
14
19.5563
14
15.6569
14
14
14
14
14
14
14
14
13
13
18.1421
19.1421
13
13
14.2426
14.6569
13
13
13
13
13
13
13
13
13
13
13
13
12
12
12
17.7279
12
13.2426
12
12
12
12
12
12
12.4142
12
12
12
12
12
12
12
12
12
12
12
12
12
12
12
11
11
16.3137
17.3137
11
11.8284
12.2426
11
11
11
11
11
11
11
11
11
11
11.4142
11
11
11
11
11
11
11
11
11
11
11
11
10
10
10
10
10
10
13.8995
14.8995
15.8995
10
10.8284
10
10
10
10
10
10
10
10.4142
10
10
10
10
10
10
10
10
10
10
10
10
10
9
9
9
9
12.4853
13.4853
9
9
9.82843
9
9
9
9
9
9
9.41421
9
9
9
9
9
9
9
9
8
8
8
8
8
10.0711
11.0711
12.0711
8
8.41421
8.82843
8
8
8
8
8
8.41421
8
8
8
8
8
8
8
8
8
7
7
7
8.65685
9.65685
7
7.41421
7
7
7
7.41421
7
7
7
7
7
7
7
6
6
6
6.82843
7.24264
8.24264
6
6.41421
6
6
6
6
6
6
6.41421
6
6
6
6
6
6
6
5
5
5
5
5.41421
5.82843
5
5
5
5.41421
5
5
5
5
5
5
5
5
5
5
5
4
4
4.41421
4
4
4
4
4
4
4
4
4
4
4
4
4
4.41421
4
4
3
3
3
3
3.41421
3
3
3
3
3
3
3
3
3
3
3
3.41421
3
2
2
2
2
2
2
2
2
2
2
2
2
2
2
2
2
1
1
1
1
1
1
1
1
1
1
1
1
1
1
1
0
0
0
0
0
0
0
0
0
0
0
0
0
0
0
0
