149.397
148.397
147.397
146.397
145.397
144.397
143.397
142.397
149.983
148.983
141.983
140.983
139.983
138.983
137.983
136.983
135.983
150.569
149.569
135.569
134.569
133.569
132.569
131.569
130.569
129.569
128.569
127.569
126.569
150.154
126.154
125.154
124.154
123.154
122.154
121.154
120.154
150.74
149.74
119.74
118.74
117.74
116.74
115.74
114.74
149.326
114.326
113.326
112.326
111.326
110.326
109.326
108.326
91.3259
90.3259
89.3259
88.3259
87.3259
86.3259
85.3259
84.3259
83.3259
82.3259
81.3259
80.3259
79.3259
78.3259
77.3259
76.3259
75.3259
74.9117
74.4975
74.0833
73.6691
73.2549
72.8407
72.4264
148.912
147.912
107.912
106.912
105.912
104.912
103.912
102.912
101.912
100.912
99.9117
98.9117
97.9117
96.9117
95.9117
94.9117
93.9117
92.9117
91.9117
90.9117
71.4264
71.0122
70.598
70.1838
69.7696
147.498
146.498
68.7696
68.3554
67.9411
67.5269
146.083
145.083
66.5269
66.1127
65.6985
65.2843
144.669
143.669
142.669
141.669
140.669
139.669
64.2843
63.8701
63.4559
139.255
138.255
137.255
136.255
135.255
134.255
133.255
132.255
62.4559
62.0416
61.6274
131.841
130.841
129.841
128.841
127.841
60.6274
60.2132
59.799
127.426
126.426
125.426
124.426
123.426
58.799
58.3848
57.9706
123.012
122.012
121.012
120.012
119.012
56.9706
56.5564
118.598
117.598
116.598
115.598
55.5564
55.1421
115.184
114.184
113.184
112.184
111.184
54.1421
53.7279
110.77
109.77
108.77
107.77
106.77
105.77
52.7279
52.3137
105.355
104.355
103.355
102.355
101.355
78.3554
77.3554
76.3554
75.3554
74.3554
73.3554
72.3554
71.3554
70.3554
69.3554
68.3554
67.3554
51.3137
50.8995
101.77
100.77
99.7696
98.7696
97.7696
96.7696
95.7696
94.7696
93.7696
92.7696
91.7696
90.7696
89.7696
88.7696
87.7696
86.7696
85.7696
84.7696
83.7696
82.7696
81.7696
80.7696
79.7696
78.7696
66.9411
65.9411
64.9411
63.9411
62.9411
61.9411
49.8995
49.4853
61.5269
60.5269
59.5269
58.5269
48.4853
48.0711
58.1127
57.1127
56.1127
55.1127
47.0711
46.6569
54.6985
53.6985
45.6569
53.2843
52.2843
51.2843
44.6569
44.2426
50.8701
49.8701
43.2426
49.4559
48.4559
48.0416
42.2426
41.8284
47.0416
46.6274
40.8284
45.6274
45.2132
39.8284
39.4142
44.2132
43.799
38.4142
42.799
37.4142
37
39.7279
40.1421
40.5563
40.9706
41.3848
41.799
41.799
41.3848
36
37.8995
38.3137
38.7279
40.799
41.2132
41.6274
40.3848
39.9706
35
35
36.4853
36.8995
40.6274
41.0416
38.9706
38.5564
34
34.6569
35.0711
35.4853
40.0416
38.3848
37.9706
37.5563
37.1421
36.7279
36.3137
35.8995
35.4853
37.5564
33
33.2426
33.6569
39.0416
39.4558
38.2132
37.799
37.3848
34.4853
34.0711
36.5564
36.1421
32
32
31.8284
32.2426
38.4558
37.2132
33.0711
32.6569
32.2426
35.1421
31
30.4142
30.8284
37.4558
36.6274
36.2132
31.2426
30.8284
34.1421
33.7279
30
30
29
29.4142
36.4558
36.0416
35.6274
29.8284
29.4142
32.7279
29
28
35.0416
35.4558
35.0416
28.4142
28
31.7279
31.3137
28
28
27
27
34.0416
27
34.0416
27
30.3137
27
26
26
32.6274
33.0416
27.2426
26.8284
26.4142
26
26
26
26
26
26
33.0416
26
26
29.3137
28.8995
26
26
25
25
31.6274
26.6569
26.2426
25
25
25
32.0416
31.6274
25
25
27.8995
25
24
30.2132
31.2132
26.4853
26.0711
25.6569
24
24
28.5563
28.9706
29.3848
29.799
30.2132
30.6274
31.0416
31.4558
32.4558
33.4558
30.6274
24
26.8995
26.4853
24
24
23
23
28.799
29.799
25.4853
23
23
23
26.7279
27.1421
27.5563
33.0416
32.87
31.8701
30.8701
29.6274
23
23
25.4853
23
22
22
26.9706
27.3848
28.3848
24.8995
24.4853
22
24.8995
25.3137
25.7279
30.4558
29.4558
29.0416
28.6274
29.2132
28.2132
22
22
24.4853
24.0711
22
22
21
25.5563
25.9706
22.2426
23.8995
21
21
23.4853
23.8995
27.6274
27.2132
26.799
26.3848
27.799
26.799
21
23.0711
21
20
20
24.1421
24.5563
20
20.4142
20.8284
21.2426
21.6569
21.2426
20.8284
20.4142
20
20
20
23.3137
22.8995
20
20
22.0711
22.4853
25.3848
24.9706
24.5563
24.1421
23.7279
26.3848
25.3848
20
20
22.0711
20
20
19
19
22.7279
23.1421
19
19
19
19
19
19
22.3137
19
20.6569
21.0711
22.7279
22.3137
21.8995
21.4853
21.0711
20.6569
24.9706
23.9706
19
21.0711
20.6569
19
18
21.3137
21.7279
18
18
18
18
18
21.3137
18
18
19.2426
19.6569
19.6569
19.2426
18.8284
18.4142
18
18
18
23.5563
22.5563
18
18
19.6569
18
18
17
17
19.8995
20.3137
17
17
17
17
17
20.3137
19.8995
17
17.4142
17.8284
18.2426
17
17
17
17
17
17
17
17
17
17
17
17
17
22.1421
21.1421
17
18.6569
18.2426
17
17
16
18.4853
18.8995
16
16
16
16
18.8995
16
16
16
16.4142
16
16
16
16
16
16
16
16
16
16
20.7279
19.7279
16
17.2426
16
16
16
16
16
15
15
17.0711
17.4853
15
15
15
15
17.8995
15
15
15
15
15
15
15
15
15
15
15
15
15
19.3137
18.3137
17.8995
15
15
16.2426
15
15
15
15
15
15
14
16.0711
14
14
14
16.8995
16.4853
14
14
14
14
14
14
14
14
14
14
14
16.8995
16.4853
14
15.2426
14.8284
14
14
14
14
14
13
14.6569
15.0711
13
13
13
13
15.4853
15.0711
13
13
13
13
13
13
13
13
13
13
13
13
15.4853
15.0711
13
13
13.8284
13
13
13
13
13
12
12
13.2426
13.6569
12
12
14.0711
12
12
12
12
14.4853
15.4853
16.4853
17.4853
18.4853
19.4853
20.4853
21.4853
22.4853
23.4853
12
12
12
12
12
12
12
12
12
12
14.0711
12
12.8284
12
12
12
12
11
11
11
11
11
11
12.2426
11
11
11
11
13.0711
12.6569
11
11
11
11
12.6569
13.0711
14.0711
23.8995
24.8995
25.8995
26.8995
27.8995
28.8995
27.8995
11
11
11
11
11
11
11
11
11
11
11
11
11
13.0711
12.6569
11
11.8284
11
11
11
11
11
10
10
10
10
10
10
10
10
10.8284
11.2426
10
10
10
11.6569
11.2426
10
10
10
11.2426
11.6569
27.4853
26.4853
25.4853
24.4853
23.4853
22.4853
21.4853
20.4853
19.4853
18.4853
17.4853
16.4853
15.4853
14.4853
10
10
10
10
10
10
10
10
10
11.6569
11.2426
10
10
10.8284
10.4142
10
10
10
9
9
9
9
9
9
9.82843
9
9
10.2426
9
9
9
9.82843
10.2426
14.0711
13.0711
12.0711
11.0711
9
9
9
9
9
9
9
9
9
10.2426
9.82843
9
9.41421
9
9
9
9
9
8
8
8
8
8
8
8
8
8.82843
8
8
8
9.24264
8.82843
8
8
8
8.41421
8.82843
10.6569
9.65685
9.24264
8
8
8
8
8
8
8
8
8.82843
8
8.41421
8
8
8
7
7
7
7
7
7.41421
7.82843
7
7
7.82843
7.41421
7
7
7.41421
8.24264
7.82843
7
7
7
7
7
7
7
7.82843
7.41421
7
7.41421
7
7
7
7
6
6
6
6.41421
6
6
6
6.41421
6
6
6
6
6.41421
6.82843
6.41421
6
6
6
6
6
6
6
6.41421
6
6
6.41421
6
6
6
5
5
5.41421
5
5
5
5.41421
5
5
5
5
5.41421
5.41421
5
5
5
5
5
5
5.41421
5
5
5
5
5
4
4
4
4.41421
4
4.82843
5.24264
6.24264
5.24264
4.82843
4
4
4
4
4
4
4.41421
4
4
4
4
4
4
4
4
4
4.41421
4
4
4
4
3
3
3.41421
3
3.41421
3.82843
3.82843
3.41421
3
3
3
3
3
3
3
3
3
3
3
3.41421
3
3
3
3
3
3
2
2
2
2.41421
2
2
2
2.41421
2.41421
2
2
2
2
2
2
2
2
2
2
2
2
2
2
2
2
2
2
1
1
1
1
1
1
1
1
1
1
1
1
1
1
1
1
1
1
1
1
1
1
0
0
0
0
0
0
0
0
0
0
0
0
0
0
0
0
0
0
0
0
0
0
