0
0
0
0
0
0
0
0
0
0
0
0
0
0
0
0
0
0
0
0
1
1
1
1
1
1
1
1
1
1
1
1
1
1
1
1
1
1
1
1
1
1
1
2
2
2
2
2
2
2
2
2
2
2
2
2
2.41421
2
2
2
2
2
2
2
2
2
3
3
3
3
3
3
3.41421
3
3
3.41421
3
3
3
3.41421
3
3
3.41421
3
3
3.41421
3
3
3
3
3
4
4
4
4
4
4.41421
4
4.41421
4
4.41421
4
4
4
4
4.41421
4.82843
4
4
4.41421
4
4
4.41421
4
4
4
4
5
5
5
5
5
5.41421
5.41421
5.41421
5.82843
5.41421
5
5.41421
5.41421
5
5
5
5.82843
6.24264
5
5
5.41421
5
5
5.41421
5.82843
5.41421
5
5
5
5
6
6
6
6
6.41421
6.82843
6.41421
6.82843
7.24264
8.24264
6.82843
6.41421
6.41421
6.82843
6.41421
6
6
6
7.24264
7.65685
6
6
6
6.41421
6
6
6.82843
6.82843
6.41421
6
6
6
7
7
7
7
7
7.41421
7.82843
8.24264
7.82843
8.65685
9.65685
8.24264
7.82843
7.82843
7.41421
7
7.41421
7
7
8.65685
9.07107
10.0711
11.0711
7
7
7
7.41421
7.82843
7
7
7.82843
8.24264
7.82843
7
7
7
8
8
8
8
8.82843
9.24264
9.65685
9.24264
10.0711
11.0711
12.0711
13.0711
14.0711
9.65685
9.24264
8.82843
9.24264
8.82843
8.41421
8.41421
8
8
8
11.4853
12.4853
13.4853
14.4853
15.4853
16.4853
8
8
8
8
8
8.82843
8
8
8
9.24264
9.65685
9.24264
8.82843
8
8
8
8
9
9
9
9
9
10.2426
10.6569
11.0711
10.6569
14.4853
15.4853
16.4853
17.4853
18.4853
19.4853
11.0711
10.6569
10.2426
10.2426
9.82843
9.41421
9.82843
9
9
16.8995
17.8995
18.8995
19.8995
20.8995
21.8995
22.8995
9
9
9
9
9
9
9.82843
10.2426
9
9
10.6569
11.0711
12.0711
11.6569
10.6569
10.2426
9
9
9
9.41421
10
10
10
10
10
11.6569
12.0711
13.0711
12.4853
12.0711
19.8995
20.8995
21.8995
22.8995
23.8995
24.8995
24.3137
14.4853
13.4853
12.4853
12.0711
11.2426
11.6569
11.2426
10.8284
10
10
10
23.3137
24.3137
25.3137
26.3137
10
10
10
10
10
11.2426
10
10
10
12.4853
13.4853
14.4853
15.4853
15.0711
14.0711
13.0711
12.0711
10
10
10
10.4142
11
11
11
11
11
13.4853
14.4853
15.4853
14.8995
13.8995
13.4853
23.8995
22.8995
21.8995
20.8995
19.8995
18.8995
17.8995
16.8995
15.8995
14.8995
12.6569
13.0711
12.6569
12.2426
11.8284
12.2426
11
11
11
11
26.7279
27.7279
28.7279
11
11
11
11
11
12.2426
12.6569
11
11
11
15.8995
16.8995
16.4853
15.4853
11
11
11.4142
12
12
12
12
12
15.8995
16.8995
17.8995
18.8995
18.3137
17.3137
16.3137
15.3137
14.0711
14.4853
14.0711
13.6569
13.2426
12
12
12
12
29.1421
30.1421
31.1421
12
12
12
12
13.6569
12
12
12
12
12
12.4142
13
13
13
13
13
19.3137
20.3137
21.3137
22.3137
23.3137
24.3137
23.7279
22.7279
21.7279
20.7279
19.7279
18.7279
15.4853
15.8995
16.8995
16.4853
15.4853
15.0711
14.2426
14.6569
13
13
13
13
13
31.5563
32.5563
13
13
13
14.6569
15.0711
13
13
13
13
13.4142
14
14
14
14
14
14
14
14
14.4142
14
14
14
14
14
14
14
14
14
14
14
14
14
14
14
14
14
14
14
14
17.3137
18.3137
19.3137
20.3137
20.8995
19.8995
18.8995
17.8995
16.8995
15.6569
16.0711
14
14
14
14
32.9706
33.9706
34.9706
14
14
14
14
16.0711
14
14
14
14
14
14
14
14.4142
14.8284
15
15
15
17.0711
16.6569
16.2426
15.8284
15.4142
15
15
15
15
15
15.4142
17.0711
17.4853
15
15
15
15.4142
15.8284
35.3848
36.3848
15
15
15
17.0711
17.4853
15
15
15
15
15.8284
16
16
18.8995
18.4853
18.0711
16.4142
16.8284
17.2426
17.6569
18.4853
18.8995
16.8284
17.2426
17.6569
18.0711
18.4853
18.8995
36.799
37.799
38.799
16
16
16
18.4853
18.8995
16
16
16
16
16
16.8284
17.2426
17
20.3137
19.8995
18.6569
19.0711
19.4853
19.8995
19.8995
20.3137
19.8995
20.3137
20.7279
21.1421
21.5563
21.9706
22.3848
39.2132
40.2132
17
17
19.8995
17
17
17
17
17
18.2426
18.6569
18
21.7279
21.3137
20.8995
21.3137
21.7279
22.1421
21.3137
21.7279
22.7279
23.3848
23.799
24.2132
24.6274
40.6274
41.6274
42.6274
18
18
20.8995
21.3137
18
18
18
18
18
18
19.6569
20.0711
19
23.1421
22.7279
23.1421
23.5563
23.9706
24.3848
23.1421
24.1421
25.6274
26.0416
43.0416
44.0416
19
19
22.3137
22.7279
19
19
19
19
19
21.0711
21.4853
20
24.5563
24.1421
25.3848
25.799
26.2132
26.6274
27.0416
24.5563
25.5563
26.5563
27.0416
27.4558
44.4558
45.4558
46.4558
20
23.7279
20
20
20
20
20
20
22.4853
22.8995
23.8995
24.8995
25.8995
21
25.5563
28.0416
28.4558
29.0416
28.0416
27.6274
26.9706
27.9706
28.9706
28.4558
28.8701
46.8701
47.8701
48.8701
21
21.4142
24.7279
25.1421
21
21
21
21
21
21
26.3137
22.4142
22
26.5563
28.6274
28.2132
27.799
27.3848
26.9706
29.3848
30.3848
31.3848
29.8701
30.2843
49.2843
50.2843
51.2843
22.4142
26.1421
26.5563
22
22
22
22
22
26.7279
23.4142
27.5563
27.9706
27.5563
27.1421
26.7279
31.799
32.799
33.799
34.799
31.2843
51.6985
52.6985
53.6985
23.4142
27.5563
27.9706
23
23
23.4142
23
23
23
27.1421
24.8284
24.4142
28.5563
27.7279
27.3137
26.8995
26.4853
35.2132
36.2132
37.2132
38.2132
32.2843
54.1127
55.1127
56.1127
57.1127
24.4142
28.9706
29.3848
24
24.4142
24.8284
25.2426
24.8284
24.4142
24
24
28.1421
26.2426
25.8284
29.5563
27.4853
27.0711
26.6569
26.2426
25.8284
38.6274
39.6274
40.6274
41.6274
33.2843
57.5269
58.5269
58.5564
25.4142
30.3848
30.799
25.8284
26.2426
26.6569
27.0711
26.6569
26.2426
25
25
29.1421
28.6569
27.6569
27.2426
30.5563
26.8284
26.4142
26
26
29.3137
28.8995
28.4853
28.0711
27.6569
27.2426
26.8284
26.4142
26
26
26
26
26
26
42.0416
43.0416
44.0416
45.0416
46.0416
34.6985
34.2843
58.1421
57.1421
56.1421
55.1421
26.4142
31.799
32.2132
27.6569
28.0711
28.4853
28.8995
29.7279
29.3137
28.8995
28.4853
28.0711
26
26
26
30.1421
31.5563
32.5563
33.5563
34.5563
35.5563
36.5563
37.5563
38.5563
39.5563
40.5563
41.5563
42.5563
43.5563
44.5563
45.5563
45.8995
44.8995
43.8995
42.8995
32.0711
31.0711
30.0711
29.0711
31.5563
27
27
27
27
27
31.1421
31.5563
31.5563
31.1421
30.7279
30.3137
27
27
27
27
46.4558
47.4558
48.4558
49.4558
50.4558
51.4558
52.4558
35.6985
54.7279
53.7279
52.7279
51.7279
27.8284
27.4142
33.2132
29.8995
30.3137
30.7279
31.1421
30.7279
27
27
31.1421
42.4853
41.4853
40.4853
39.4853
38.4853
37.4853
36.4853
35.4853
34.4853
33.4853
32.4853
32.5563
32.9706
28
28.4142
28.8284
29.2426
29.6569
30.0711
30.4853
30.8995
31.3137
31.7279
32.1421
28
28
28.4142
52.8701
53.8701
54.8701
55.8701
56.8701
57.7696
56.7696
55.7696
54.7696
53.7696
37.1127
36.6985
51.3137
50.3137
49.3137
48.3137
28.8284
34.2132
34.6274
28
28
28
33.9706
34.3848
29.4142
29.8284
53.3553
52.3553
51.3553
50.3553
49.3553
48.3553
39.5269
38.5269
38.1127
47.8995
46.8995
45.8995
30.2426
29.8284
35.6274
36.0416
37.0416
29
29
29
29
35.3848
35.799
62.2843
63.2843
64.2843
65.2843
66.2843
67.2843
68.2843
69.2843
70.2843
71.2843
72.2843
30.8284
31.2426
31.6569
47.9411
46.9411
45.9411
44.9411
43.9411
42.9411
41.9411
40.9411
39.9411
45.4853
44.4853
43.4853
42.4853
32.6569
31.6569
31.2426
37.4558
38.4558
30
30
30.4142
30.8284
35.5563
36.799
37.2132
55.8701
56.8701
57.8701
58.8701
59.8701
60.8701
61.8701
71.8701
72.8701
73.8701
74.8701
75.8701
32.6569
33.0711
42.0711
41.0711
40.0711
39.0711
38.0711
37.0711
36.0711
35.0711
34.0711
33.0711
38.8701
39.8701
31.8284
32.2426
32.6569
33.0711
33.4853
33.8995
34.3137
34.7279
35.1421
36.5563
32
32.4142
32.8284
33.2426
33.6569
34.0711
34.4853
34.8995
35.3137
35.7279
38.2132
38.6274
39.6274
40.6274
49.4558
50.4558
51.4558
52.4558
53.4558
54.4558
55.4558
75.4558
76.4558
77.4558
78.4558
34.0711
34.4853
34.8995
40.2843
41.2843
102.225
103.225
104.225
105.225
37.5563
33
33
33
33
36.7279
37.1421
37.5563
37.9706
38.3848
41.0416
42.0416
43.0416
44.0416
45.0416
46.0416
47.0416
48.0416
49.0416
78.0416
79.0416
80.0416
81.0416
35.8995
36.3137
41.6985
42.6985
97.8112
98.8112
99.8112
100.811
101.811
104.811
105.811
106.811
107.811
107.225
38.5563
34
34
34
39.3848
39.799
40.2132
81.4558
82.4558
83.4558
37.3137
37.7279
59.3553
58.598
57.598
56.598
55.598
54.598
53.598
52.598
51.598
50.598
43.1127
44.1127
45.1127
95.397
96.397
97.397
106.811
105.811
104.811
39.5563
39.9706
40.3848
40.799
35
35
35
41.2132
41.6274
41.6274
41.2132
83.8701
84.8701
85.8701
86.8701
38.7279
39.1421
39.5563
58.7696
59.7696
51.0122
50.0122
49.0122
48.0122
47.0122
46.598
46.1838
45.5269
46.5269
92.9828
93.9828
94.9828
104.397
103.397
102.397
41.799
42.2132
42.6274
36.4142
36
42.2132
41.799
41.3848
87.2843
88.2843
89.2843
40.5563
40.9706
58.1838
59.1838
47.1838
46.7696
46.3553
45.9411
45.5269
45.1127
44.6985
44.2843
44.6985
45.1127
46.9411
47.9411
91.5686
92.5686
101.983
100.983
99.9828
43.6274
44.0416
44.4558
37.8284
37.4142
42.3848
41.9706
41.5563
89.6985
90.6985
91.6985
41.9706
42.3848
42.799
58.598
46.1127
46.5269
46.9411
47.3553
47.7696
48.1838
48.598
48.3554
49.3554
50.3554
90.1544
91.1544
99.5686
98.5686
97.5686
45.4558
45.8701
39.2426
38.8284
42.5563
42.9706
92.1127
93.1127
94.1127
95.1127
43.799
44.2132
44.6274
58.0122
59.0122
49.598
50.0122
50.4264
50.8406
51.2548
51.6691
50.7696
51.7696
52.7696
87.7401
88.7401
89.7401
97.1544
96.1544
95.1544
46.8701
40.6569
40.2426
43.9706
44.3848
44.799
95.5269
96.5269
97.5269
45.6274
46.0416
46.4558
58.4264
52.6691
53.0833
53.4975
53.9117
54.3259
55.3259
56.3259
53.3848
52.3848
51.3848
50.3848
49.3848
48.3848
47.3848
46.3848
45.3848
44.3848
43.9706
43.5564
43.1421
42.7279
42.3137
41.8995
41.4853
41.0711
40.6569
40.2426
39.8284
39.4142
39.8284
40.2426
40.6569
41.0711
53.1838
54.1838
86.3259
87.3259
94.7402
93.7402
92.7402
47.8701
48.2843
42.0711
41.6569
45.799
46.2132
46.6274
97.9411
98.9411
99.9411
100.941
47.4558
47.8701
48.2843
48.6985
58.8406
59.8406
56.7401
57.7401
58.7401
59.7401
60.7401
61.7401
62.7401
61.799
60.799
59.799
58.799
57.799
56.799
55.799
54.799
53.799
42.0711
42.4853
42.8995
43.3137
43.7279
54.598
55.598
56.598
84.9117
85.9117
92.3259
91.3259
90.3259
49.2843
43.4853
43.0711
47.6274
48.0416
101.355
102.355
103.355
104.355
105.355
49.6985
50.1127
50.5269
50.9411
60.2549
44.7279
45.1421
45.5563
45.9706
57.0122
58.0122
59.0122
82.4975
83.4975
84.4975
89.9117
88.9117
87.9117
86.9117
50.2843
44.8995
44.4853
49.0416
49.4558
49.8701
76.7696
77.7696
78.7696
79.7696
80.7696
81.7696
82.7696
83.7696
84.7696
85.7696
105.77
106.77
107.77
108.77
109.77
110.77
111.77
51.9411
52.3553
52.7696
53.1838
60.6691
61.6691
46.9706
47.3848
47.799
48.2132
59.4264
60.4264
61.4264
80.0833
81.0833
82.0833
86.4975
85.4975
84.4975
83.4975
82.4975
51.2843
46.3137
45.8995
50.8701
51.2843
51.6985
75.1838
76.1838
77.1838
86.1838
87.1838
88.1838
112.184
113.184
114.184
115.184
116.184
117.184
118.184
119.184
120.184
121.184
122.184
123.184
124.184
125.184
126.184
127.184
128.184
129.184
54.1838
54.598
55.0122
62.0833
63.0833
49.2132
49.6274
50.0416
61.8406
62.8406
63.8406
64.8406
77.6691
78.6691
79.6691
82.0833
81.0833
80.0833
79.0833
78.6691
78.2549
77.8406
77.4264
77.0122
76.598
76.1838
75.7696
52.2843
47.7279
47.3137
52.6985
53.1127
53.5269
73.598
74.598
75.598
88.598
89.598
129.598
130.598
131.598
132.598
133.598
134.598
135.598
136.598
137.598
56.0122
56.4264
56.8406
63.4975
64.4975
51.0416
51.4558
51.8701
65.2549
66.2549
67.2549
68.2549
69.2549
70.2549
71.2549
72.2549
73.2549
74.2549
75.2549
76.2549
77.2549
74.7696
53.2843
49.1421
48.7279
54.5269
54.9411
55.3554
72.0122
73.0122
74.0122
90.0122
91.0122
138.012
139.012
140.012
141.012
142.012
143.012
144.012
57.8406
58.2549
58.6691
64.9117
65.9117
66.9117
67.9117
68.9117
69.9117
52.8701
53.2843
53.6985
73.7696
54.2843
50.5564
50.1421
56.3554
56.7696
57.1838
70.4264
71.4264
72.4264
91.4264
92.4264
144.426
145.426
146.426
147.426
148.426
59.6691
60.0833
60.4975
70.3259
71.3259
72.3259
73.3259
74.3259
75.3259
76.3259
77.3259
54.6985
55.1127
55.5269
72.7696
55.6985
55.2843
51.5564
58.1838
58.598
59.0122
59.4264
68.8406
69.8406
70.8406
92.8406
148.841
149.841
150.841
151.841
61.4975
61.9117
77.7401
78.7401
79.7401
80.7401
81.7401
56.5269
56.9411
71.7696
56.6985
52.9706
52.5564
60.4264
60.8406
61.2549
62.2549
63.2549
64.2549
65.2549
66.2549
67.2549
68.2549
69.2549
93.8406
152.255
153.255
154.255
155.255
62.9117
63.3259
63.7401
82.1544
83.1544
84.1544
85.1544
86.1544
57.9411
58.3554
100.012
99.0122
98.0122
97.0122
96.0122
95.0122
94.0122
93.0122
92.0122
91.0122
90.0122
89.0122
70.7696
58.1127
57.6985
54.3848
53.9706
94.8406
95.2549
155.669
156.669
157.669
158.669
64.7401
65.1544
86.5686
87.5686
88.5686
89.5686
90.5686
59.3554
59.7696
102.426
101.426
100.426
88.598
87.598
86.598
85.598
84.598
69.7696
60.5269
59.5269
59.1127
55.799
55.3848
184.853
183.853
182.853
181.853
180.853
179.853
178.853
177.853
96.2549
159.083
160.083
161.083
162.083
66.1544
66.5686
66.9828
90.9828
91.9828
92.9828
93.9828
60.7696
61.1838
103.841
102.841
84.1838
83.1838
82.1838
68.7696
62.9411
61.9411
60.9411
57.2132
56.799
187.439
186.439
185.439
184.439
177.439
176.439
175.439
174.439
97.2549
162.497
163.497
164.497
165.497
67.9828
68.397
94.397
95.397
96.397
97.397
98.397
62.1838
62.598
84.1544
85.1544
86.1544
87.1544
88.1544
89.1544
90.1544
91.1544
92.1544
93.1544
104.154
104.255
81.7696
80.7696
79.7696
78.7696
77.7696
67.7696
66.3554
65.3554
64.3554
63.3554
59.0416
58.6274
58.2132
189.024
188.024
187.024
174.024
173.024
172.024
98.2549
119.912
120.912
121.912
122.912
123.912
124.912
165.912
166.912
167.912
69.397
69.8112
70.8112
98.8112
99.8112
100.811
101.811
102.811
103.811
63.598
64.0122
82.5686
83.5686
84.5686
93.5686
94.5686
95.5686
96.5686
103.569
104.569
77.3554
76.3554
75.3554
74.3554
73.3554
67.3554
66.7696
60.4559
60.0416
190.61
189.61
188.61
171.61
170.61
169.61
99.2549
114.326
115.326
116.326
117.326
118.326
119.326
120.326
125.326
126.326
127.326
128.326
129.326
130.326
131.326
132.326
133.326
134.326
168.326
169.326
170.326
171.326
71.2254
72.2254
73.2254
74.2254
104.225
105.225
106.225
107.225
108.225
134.054
135.054
136.054
137.054
138.054
139.054
140.054
141.054
142.054
143.054
65.0122
65.4264
80.9828
81.9828
82.9828
96.9828
97.9828
103.983
73.7696
72.7696
71.7696
70.7696
69.7696
68.7696
67.7696
67.1838
61.8701
61.4559
191.196
190.196
169.196
168.196
167.196
100.255
111.74
112.74
113.74
114.74
134.74
135.74
136.74
137.74
138.74
139.74
140.74
171.74
172.74
173.74
74.6396
75.6396
76.6396
77.6396
108.64
109.64
110.64
111.64
112.64
113.64
114.64
115.64
116.64
117.64
118.64
119.64
120.64
121.64
122.64
123.64
124.64
125.64
126.64
127.64
128.64
129.64
130.64
131.64
132.64
133.64
142.64
143.64
144.64
145.64
146.64
147.64
66.4264
66.8406
80.397
81.397
98.397
99.397
100.397
104.397
67.598
63.6985
63.2843
62.8701
191.782
190.782
166.782
165.782
101.669
101.255
111.154
112.154
141.154
142.154
143.154
144.154
145.154
146.154
174.154
175.154
176.154
78.0539
79.0539
80.0539
81.0539
148.054
149.054
150.054
151.054
67.8406
79.8112
80.8112
100.811
104.811
68.0122
65.5269
65.1127
64.6985
192.368
191.368
165.368
164.368
163.368
102.669
109.569
110.569
111.569
146.569
147.569
148.569
149.569
150.569
176.569
177.569
178.569
81.4681
82.4681
83.4681
84.4681
151.468
152.468
153.468
154.468
68.8406
69.2549
79.2254
80.2254
101.811
102.225
105.225
69.0122
66.1127
66.5269
66.5269
192.953
191.953
162.953
161.953
104.083
103.669
108.983
109.983
150.983
151.983
152.983
153.983
154.983
178.983
179.983
84.8823
85.8823
86.8823
87.8823
88.8823
154.882
155.882
70.2549
79.6396
103.225
105.64
106.64
70.0122
66.6985
66.2843
66.6985
67.1127
193.539
192.539
161.539
160.539
159.539
105.083
109.397
155.397
156.397
157.397
158.397
159.397
180.397
181.397
182.397
89.2965
90.2965
91.2965
92.2965
156.297
157.297
158.297
71.2549
71.6691
80.0539
104.225
107.054
108.054
71.0122
69.3554
68.9411
68.5269
68.1127
67.6985
192.309
192.723
159.125
158.125
106.498
106.083
109.397
109.811
159.811
160.811
161.811
162.811
182.811
183.811
92.7107
93.7107
94.7107
95.7107
96.7107
97.7107
158.711
159.711
72.6691
80.4681
105.64
105.225
108.468
109.468
72.0122
71.598
71.1838
70.7696
70.3554
190.895
191.309
157.711
156.711
155.711
107.912
107.498
110.397
163.225
164.225
165.225
166.225
184.225
185.225
186.225
98.1249
99.1249
100.125
101.125
102.125
103.125
160.125
161.125
162.125
73.6691
74.0833
80.8823
106.64
109.882
110.882
111.882
189.48
189.895
155.297
154.297
109.326
108.912
110.983
111.397
166.64
167.64
168.64
169.64
170.64
186.64
187.64
103.539
104.539
105.539
106.539
107.539
108.539
109.539
110.539
111.539
112.539
113.539
114.539
115.539
162.539
163.539
75.0833
81.2965
107.64
112.297
113.297
114.297
115.297
188.066
188.48
153.882
152.882
151.882
110.74
110.326
111.983
171.054
172.054
173.054
174.054
175.054
176.054
188.054
189.054
190.054
115.953
116.953
117.953
118.953
119.953
163.953
164.953
76.0833
76.4975
82.2965
109.054
108.64
115.711
116.711
117.711
118.711
187.066
179.468
178.468
177.468
176.468
175.468
174.468
173.468
172.468
151.468
150.468
149.468
113.154
112.154
111.74
112.983
176.468
177.468
178.468
179.468
180.468
181.468
190.468
191.468
120.368
121.368
122.368
165.368
166.368
77.4975
83.2965
110.267
110.054
119.125
120.125
121.125
122.125
123.125
185.652
186.652
181.882
180.882
179.882
172.054
171.054
170.054
149.054
148.054
147.054
146.054
115.569
114.569
113.569
113.983
181.882
182.882
183.882
184.882
191.882
192.882
193.882
122.782
123.782
124.782
166.782
78.4975
78.9117
84.2965
108.853
109.853
123.539
124.539
125.539
126.539
184.238
185.238
183.297
182.297
169.64
168.64
145.64
144.64
143.64
142.64
118.983
117.983
116.983
115.983
114.983
185.297
186.297
194.297
195.297
196.297
197.297
125.196
126.196
167.196
168.196
79.9117
85.2965
85.7107
107.439
108.439
126.953
127.953
128.953
129.953
182.823
183.823
185.711
184.711
183.711
168.225
142.225
141.225
140.225
139.225
138.225
137.225
136.225
125.397
124.397
123.397
122.397
121.397
120.397
119.397
115.983
116.397
151.539
152.539
153.539
154.539
155.539
156.539
157.539
158.539
159.539
160.539
186.711
187.711
196.895
195.895
194.895
126.61
127.61
144.61
145.61
146.61
147.61
148.61
149.61
150.61
151.61
152.61
153.61
168.61
169.61
80.9117
86.7107
106.024
107.024
130.368
131.368
132.368
133.368
181.409
182.409
187.125
186.125
167.811
166.811
135.811
134.811
133.811
132.811
131.811
130.811
129.811
128.811
127.811
126.811
125.811
117.397
146.125
147.125
148.125
149.125
150.125
151.125
160.125
161.125
162.125
163.125
164.125
165.125
166.125
167.125
168.125
188.125
189.125
194.48
193.48
192.48
191.48
190.48
128.024
143.024
144.024
145.024
154.024
155.024
170.024
171.024
81.9117
82.3259
87.7107
88.1249
104.61
105.61
133.782
134.782
135.782
136.782
137.782
138.782
178.995
179.995
180.995
188.539
187.539
167.225
118.397
118.811
142.711
143.711
144.711
145.711
167.711
168.711
169.711
170.711
171.711
172.711
189.539
190.066
189.066
188.066
187.066
186.066
185.066
129.024
129.439
143.439
155.439
156.439
157.439
171.439
83.3259
89.1249
89.5392
90.5392
103.196
104.196
139.196
140.196
141.196
142.196
143.196
144.196
145.196
146.196
177.581
178.581
189.953
188.953
167.64
119.811
140.297
141.297
142.297
172.297
173.297
174.297
175.297
176.297
190.539
190.953
184.652
183.652
182.652
181.652
180.652
130.439
142.853
143.853
157.853
158.853
171.853
172.853
84.3259
84.7401
90.9534
91.9534
92.9534
100.782
101.782
102.782
146.61
176.167
177.167
191.167
190.368
168.054
120.811
121.225
122.225
137.882
138.882
139.882
175.882
176.882
177.882
178.882
191.953
180.238
179.238
178.238
177.238
176.238
175.238
131.439
142.267
143.267
159.267
160.267
173.267
85.7401
93.3676
94.3676
95.3676
96.3676
97.3676
98.3676
99.3676
100.368
147.024
173.752
174.752
175.752
190.752
168.468
122.64
123.64
134.468
135.468
136.468
137.468
178.468
179.468
180.468
192.953
174.823
173.823
172.823
171.823
132.439
142.681
160.681
161.681
173.681
174.681
86.7401
87.1544
110.782
111.782
112.782
113.782
114.782
115.782
116.782
117.782
118.782
119.782
120.782
121.782
122.196
122.61
123.024
147.439
171.338
172.338
173.338
189.338
190.338
168.882
121.154
120.74
120.326
124.054
125.054
126.054
127.054
128.054
129.054
130.054
131.054
132.054
133.054
134.054
180.054
181.054
182.054
194.368
193.953
171.409
170.409
169.409
168.409
133.439
143.096
162.096
175.096
88.1544
105.196
106.196
107.196
108.196
109.196
110.196
111.196
124.024
124.439
124.853
147.853
167.924
168.924
169.924
170.924
187.924
188.924
170.297
169.297
123.811
123.397
122.983
122.569
122.154
121.326
120.912
120.498
120.083
119.669
182.468
183.468
184.468
195.368
167.995
166.995
165.995
164.995
134.439
143.51
163.096
163.51
175.51
176.51
89.1544
89.5686
102.61
103.61
104.61
105.61
125.853
126.267
127.267
148.267
149.681
150.681
151.681
152.681
157.51
158.51
159.51
160.51
161.51
162.51
163.51
164.51
165.51
166.51
167.51
186.51
187.51
170.711
125.225
124.811
120.669
120.255
120.669
184.882
185.882
186.882
196.782
196.368
164.581
163.581
162.581
135.853
135.439
143.924
164.51
164.924
176.924
90.5686
101.024
102.024
103.024
127.681
128.681
148.681
153.096
154.096
155.096
156.096
157.096
186.096
172.125
171.125
127.054
126.64
126.225
121.669
122.083
156.297
157.297
158.297
159.297
160.297
161.297
162.297
163.297
164.297
165.297
166.297
167.297
187.297
188.297
189.297
197.125
197.782
162.167
161.167
160.167
136.853
144.338
165.924
177.338
178.338
91.5686
91.9828
100.439
101.439
129.096
185.51
186.51
172.539
128.054
123.083
123.498
123.912
154.711
155.711
156.711
167.711
168.711
169.711
170.711
189.711
190.711
191.711
192.711
193.711
194.711
195.711
196.711
159.752
158.752
157.752
138.267
137.853
144.752
145.752
166.924
167.338
178.752
92.9828
100.439
100.853
130.096
130.51
184.924
185.924
173.953
172.953
129.468
129.054
124.912
153.125
154.125
155.125
171.125
172.125
173.125
174.125
157.338
156.338
155.338
154.338
139.681
139.267
146.167
168.338
168.752
179.167
180.167
93.9828
94.397
101.439
131.51
185.338
175.368
174.368
154.368
153.368
152.368
130.468
125.912
126.326
152.539
153.539
174.539
175.539
176.539
177.539
153.924
152.924
151.924
150.924
142.096
141.096
140.681
146.581
169.752
180.581
95.397
102.024
102.439
132.51
184.752
185.752
177.782
176.782
175.782
159.782
158.782
157.782
156.782
155.782
154.782
152.782
151.782
150.782
149.782
148.782
147.782
131.882
131.468
127.326
127.74
151.953
152.953
177.953
178.953
179.953
180.953
181.953
150.51
149.51
148.51
147.51
146.51
145.51
144.51
143.51
142.51
146.995
147.995
170.752
171.167
180.995
181.995
96.397
96.8112
103.024
133.51
133.924
184.167
185.167
179.196
178.196
162.196
161.196
160.196
148.196
147.196
146.196
132.882
128.74
151.368
152.368
182.368
183.368
184.368
185.368
186.368
187.368
148.409
149.409
172.167
182.409
97.8112
103.61
104.024
134.924
184.581
180.61
179.61
164.61
163.61
162.61
146.61
145.61
133.882
129.74
130.154
150.782
151.782
187.782
188.782
189.782
190.782
191.782
192.782
193.782
149.823
150.823
173.167
173.581
182.823
98.8112
99.2254
104.61
135.924
183.995
184.995
182.024
181.024
167.024
166.024
165.024
146.024
145.024
134.882
131.154
149.196
150.196
151.196
194.196
195.196
196.196
197.196
174.752
173.752
172.752
171.752
170.752
169.752
168.752
167.752
166.752
165.752
164.752
151.238
152.238
174.581
183.238
184.238
100.225
100.64
105.61
137.338
136.924
153.409
184.409
183.439
182.439
168.439
167.439
145.439
144.439
135.882
132.154
132.569
148.61
149.61
197.61
198.61
199.61
177.167
176.167
175.167
165.167
164.167
163.167
162.167
152.652
153.652
175.581
184.652
101.64
106.61
138.338
148.409
149.409
150.409
151.409
152.409
153.823
183.823
184.823
184.853
183.853
169.853
168.853
144.853
143.853
136.882
137.297
133.569
147.024
148.024
149.024
200.024
201.024
202.024
179.581
178.581
177.581
162.581
161.581
160.581
154.066
155.066
176.581
176.995
185.066
186.066
102.64
103.054
107.61
139.338
146.823
147.823
148.823
154.823
184.238
186.267
185.267
171.267
170.267
144.267
138.297
134.569
144.439
145.439
146.439
147.439
202.439
201.995
180.995
179.995
160.995
159.995
155.48
156.48
177.995
186.48
104.054
108.61
109.024
140.752
140.338
145.238
146.238
147.238
155.823
184.652
187.681
186.681
172.681
171.681
144.681
144.267
139.297
135.569
135.983
143.024
143.439
143.853
144.853
202.409
201.409
182.409
181.409
160.409
159.409
156.895
157.895
158.895
178.995
179.409
186.895
105.054
105.468
110.024
141.752
144.652
145.652
156.823
184.066
185.066
188.096
173.096
145.267
140.297
140.711
136.983
143.196
143.61
144.024
201.823
200.823
182.823
159.823
158.823
150.096
150.51
150.924
151.338
151.752
152.167
152.581
159.309
160.309
180.409
187.309
188.309
106.468
111.024
143.167
142.752
145.238
145.652
157.823
164.48
165.48
166.48
167.48
168.48
169.48
170.48
184.48
189.51
188.51
174.51
174.096
146.267
145.853
141.711
142.125
137.983
143.368
143.782
144.196
201.238
200.238
184.238
183.823
159.238
158.238
150.267
150.681
151.096
153.581
153.995
154.409
154.823
160.723
161.723
181.409
188.723
107.468
107.882
112.024
112.439
144.581
144.167
145.823
146.238
158.823
161.895
162.895
163.895
164.895
170.895
171.895
172.895
184.895
190.924
189.924
175.924
175.51
146.853
143.125
138.983
143.953
144.368
200.652
185.652
185.238
158.652
157.652
150.853
151.267
155.823
156.238
162.137
182.409
182.823
189.137
108.882
113.439
113.853
145.995
145.581
146.823
159.823
161.48
161.895
162.309
173.309
174.309
185.309
191.338
176.924
147.853
144.125
144.539
139.983
144.539
144.953
201.066
200.066
186.652
158.066
157.652
151.439
151.853
157.238
157.652
162.551
163.551
183.823
189.551
109.882
110.297
114.853
115.267
143.581
144.581
145.581
147.409
147.823
160.823
161.238
161.652
162.066
162.48
174.723
175.723
184.723
185.723
192.752
191.752
178.338
177.924
148.853
145.539
145.953
140.983
145.125
145.539
200.48
199.48
187.652
158.652
152.853
152.439
158.652
159.066
163.966
164.966
184.823
189.966
190.966
111.297
116.267
116.681
142.167
143.167
148.409
161.823
162.238
176.137
185.137
193.167
179.338
149.853
146.953
141.983
146.125
199.895
189.066
188.652
159.652
159.238
153.853
160.066
165.38
166.38
185.823
191.38
112.297
117.681
118.096
119.096
139.752
140.752
141.752
148.995
149.409
177.137
177.551
185.551
193.581
180.752
180.338
150.853
147.953
148.368
142.983
143.397
146.711
147.125
200.309
190.066
160.238
155.267
154.853
161.066
161.48
166.794
186.823
187.238
191.794
113.297
119.51
120.51
121.51
122.51
135.338
136.338
137.338
138.338
139.338
149.995
178.551
185.966
194.995
193.995
181.752
151.853
151.439
149.368
149.782
144.397
147.711
200.723
199.723
191.066
161.238
156.267
162.48
167.208
168.208
188.238
192.794
114.297
114.711
122.924
123.924
124.924
125.924
126.924
127.924
128.924
129.924
130.924
131.924
132.924
133.924
134.924
150.995
179.551
179.966
186.38
195.409
182.752
152.439
150.782
145.397
148.297
148.711
200.137
192.066
162.238
161.823
157.681
157.267
163.48
163.895
168.622
189.238
193.794
194.208
115.711
151.995
180.966
186.794
195.823
183.752
153.439
151.782
152.196
146.397
149.297
200.551
193.066
162.823
158.681
164.895
169.037
190.238
195.208
116.711
152.581
152.995
181.966
187.208
196.238
185.167
184.752
154.439
153.196
147.397
150.297
200.966
194.48
194.066
163.823
159.681
165.895
170.037
191.238
196.208
117.711
153.581
182.966
187.622
196.652
186.167
155.439
154.196
148.397
151.297
201.38
195.48
164.823
160.681
166.895
171.037
171.451
192.238
197.208
118.711
154.581
183.966
188.037
198.066
197.066
187.167
156.439
155.196
149.397
152.297
201.794
196.48
165.823
161.681
167.895
172.451
193.238
198.208
119.711
154.995
184.966
188.451
198.48
188.167
157.439
156.196
150.397
153.297
202.208
197.48
166.823
162.681
168.895
173.451
194.238
199.208
120.711
155.409
