149.397
148.397
147.397
146.397
145.397
144.397
143.397
142.397
149.983
148.983
147.983
146.983
145.983
144.983
143.983
142.983
141.983
140.983
139.983
138.983
137.983
136.983
135.983
150.569
149.569
148.569
147.569
146.569
145.569
144.569
143.569
142.569
141.569
140.569
139.569
138.569
137.569
136.569
135.569
134.569
133.569
132.569
131.569
130.569
129.569
128.569
127.569
126.569
150.154
149.154
148.154
147.154
146.154
145.154
144.154
143.154
142.154
141.154
140.154
139.154
138.154
137.154
136.154
135.154
134.154
133.154
132.154
131.154
130.154
129.154
128.154
127.154
126.154
125.154
124.154
123.154
122.154
121.154
120.154
150.74
149.74
148.74
147.74
146.74
145.74
144.74
143.74
142.74
141.74
140.74
139.74
138.74
137.74
136.74
135.74
134.74
133.74
132.74
131.74
130.74
129.74
128.74
127.74
126.74
125.74
124.74
123.74
122.74
121.74
120.74
119.74
118.74
117.74
116.74
115.74
114.74
149.326
148.326
147.326
146.326
145.326
144.326
143.326
142.326
141.326
140.326
139.326
138.326
137.326
136.326
135.326
134.326
133.326
132.326
131.326
130.326
129.326
128.326
127.326
126.326
125.326
124.326
123.326
122.326
121.326
120.326
119.326
118.326
117.326
116.326
115.326
114.326
113.326
112.326
111.326
110.326
109.326
108.326
91.3259
90.3259
89.3259
88.3259
87.3259
86.3259
85.3259
84.3259
83.3259
82.3259
81.3259
80.3259
79.3259
78.3259
77.3259
76.3259
75.3259
74.9117
74.4975
74.0833
73.6691
73.2549
72.8407
72.4264
148.912
147.912
146.912
145.912
144.912
143.912
142.912
141.912
140.912
139.912
138.912
137.912
136.912
135.912
134.912
133.912
132.912
131.912
130.912
129.912
128.912
127.912
126.912
125.912
124.912
123.912
122.912
121.912
120.912
119.912
118.912
117.912
116.912
115.912
114.912
113.912
112.912
111.912
110.912
109.912
108.912
107.912
106.912
105.912
104.912
103.912
102.912
101.912
100.912
99.9117
98.9117
97.9117
96.9117
95.9117
94.9117
93.9117
92.9117
91.9117
90.9117
89.9117
88.9117
87.9117
86.9117
85.9117
84.9117
83.9117
82.9117
81.9117
80.9117
79.9117
78.9117
77.9117
76.9117
75.9117
74.9117
73.9117
73.4975
73.0833
72.6691
72.2549
71.8407
71.4264
71.0122
70.598
70.1838
69.7696
147.498
146.498
145.498
144.498
143.498
142.498
141.498
140.498
139.498
138.498
137.498
136.498
135.498
134.498
133.498
132.498
131.498
130.498
129.498
128.498
127.498
126.498
125.498
124.498
123.498
122.498
121.498
120.498
119.498
118.498
117.498
116.498
115.498
114.498
113.498
112.498
111.498
110.498
109.498
108.498
107.498
106.498
105.498
104.498
103.498
102.498
101.498
100.498
99.4975
98.4975
97.4975
96.4975
95.4975
94.4975
93.4975
92.4975
91.4975
90.4975
89.4975
88.4975
87.4975
86.4975
85.4975
84.4975
83.4975
82.4975
81.4975
80.4975
79.4975
78.4975
77.4975
76.4975
75.4975
74.4975
73.4975
72.4975
72.0833
71.6691
71.2549
70.8407
70.4264
70.0122
69.598
69.1838
68.7696
68.3554
67.9411
67.5269
146.083
145.083
144.083
143.083
142.083
141.083
140.083
139.083
138.083
137.083
136.083
135.083
134.083
133.083
132.083
131.083
130.083
129.083
128.083
127.083
126.083
125.083
124.083
123.083
122.083
121.083
120.083
119.083
118.083
117.083
116.083
115.083
114.083
113.083
112.083
111.083
110.083
109.083
108.083
107.083
106.083
105.083
104.083
103.083
102.083
101.083
100.083
99.0833
98.0833
97.0833
96.0833
95.0833
94.0833
93.0833
92.0833
91.0833
90.0833
89.0833
88.0833
87.0833
86.0833
85.0833
84.0833
83.0833
82.0833
81.0833
80.0833
79.0833
78.0833
77.0833
76.0833
75.0833
74.0833
73.0833
72.0833
71.0833
70.6691
70.2549
69.8407
69.4264
69.0122
68.598
68.1838
67.7696
67.3554
66.9411
66.5269
66.1127
65.6985
65.2843
144.669
143.669
142.669
141.669
140.669
139.669
138.669
137.669
136.669
135.669
134.669
133.669
132.669
131.669
130.669
129.669
128.669
127.669
126.669
125.669
124.669
123.669
122.669
121.669
120.669
119.669
118.669
117.669
116.669
115.669
114.669
113.669
112.669
111.669
110.669
109.669
108.669
107.669
106.669
105.669
104.669
103.669
102.669
101.669
100.669
99.6691
98.6691
97.6691
96.6691
95.6691
94.6691
93.6691
92.6691
91.6691
90.6691
89.6691
88.6691
87.6691
86.6691
85.6691
84.6691
83.6691
82.6691
81.6691
80.6691
79.6691
78.6691
77.6691
76.6691
75.6691
74.6691
73.6691
72.6691
71.6691
70.6691
69.6691
69.2549
68.8407
68.4264
68.0122
67.598
67.1838
66.7696
66.3554
65.9411
65.5269
65.1127
64.6985
64.2843
63.8701
63.4559
139.255
138.255
137.255
136.255
135.255
134.255
133.255
132.255
131.255
130.255
129.255
128.255
127.255
126.255
125.255
124.255
123.255
122.255
121.255
120.255
119.255
118.255
117.255
116.255
115.255
114.255
113.255
112.255
111.255
110.255
109.255
108.255
107.255
106.255
105.255
104.255
103.255
102.255
101.255
100.255
99.2549
98.2549
97.2549
96.2549
95.2549
94.2549
93.2549
92.2549
91.2549
90.2549
89.2549
88.2549
87.2549
86.2549
85.2549
84.2549
83.2549
82.2549
81.2549
80.2549
79.2549
78.2549
77.2549
76.2549
75.2549
74.2549
73.2549
72.2549
71.2549
70.2549
69.2549
68.2549
67.8407
67.4264
67.0122
66.598
66.1838
65.7696
65.3554
64.9411
64.5269
64.1127
63.6985
63.2843
62.8701
62.4559
62.0416
61.6274
131.841
130.841
129.841
128.841
127.841
126.841
125.841
124.841
123.841
122.841
121.841
120.841
119.841
118.841
117.841
116.841
115.841
114.841
113.841
112.841
111.841
110.841
109.841
108.841
107.841
106.841
105.841
104.841
103.841
102.841
101.841
100.841
99.8407
98.8407
97.8407
96.8407
95.8407
94.8407
93.8407
92.8407
91.8407
90.8407
89.8407
88.8407
87.8407
86.8407
85.8407
84.8407
83.8407
82.8407
81.8407
80.8407
79.8407
78.8407
77.8407
76.8407
75.8407
74.8407
73.8407
72.8407
71.8407
70.8407
69.8407
68.8407
67.8407
66.8407
66.4264
66.0122
65.598
65.1838
64.7696
64.3554
63.9411
63.5269
63.1127
62.6985
62.2843
61.8701
61.4559
61.0416
60.6274
60.2132
59.799
127.426
126.426
125.426
124.426
123.426
122.426
121.426
120.426
119.426
118.426
117.426
116.426
115.426
114.426
113.426
112.426
111.426
110.426
109.426
108.426
107.426
106.426
105.426
104.426
103.426
102.426
101.426
100.426
99.4264
98.4264
97.4264
96.4264
95.4264
94.4264
93.4264
92.4264
91.4264
90.4264
89.4264
88.4264
87.4264
86.4264
85.4264
84.4264
83.4264
82.4264
81.4264
80.4264
79.4264
78.4264
77.4264
76.4264
75.4264
74.4264
73.4264
72.4264
71.4264
70.4264
69.4264
68.4264
67.4264
66.4264
65.4264
65.0122
64.598
64.1838
63.7696
63.3554
62.9411
62.5269
62.1127
61.6985
61.2843
60.8701
60.4559
60.0416
59.6274
59.2132
58.799
58.3848
57.9706
123.012
122.012
121.012
120.012
119.012
118.012
117.012
116.012
115.012
114.012
113.012
112.012
111.012
110.012
109.012
108.012
107.012
106.012
105.012
104.012
103.012
102.012
101.012
100.012
99.0122
98.0122
97.0122
96.0122
95.0122
94.0122
93.0122
92.0122
91.0122
90.0122
89.0122
88.0122
87.0122
86.0122
85.0122
84.0122
83.0122
82.0122
81.0122
80.0122
79.0122
78.0122
77.0122
76.0122
75.0122
74.0122
73.0122
72.0122
71.0122
70.0122
69.0122
68.0122
67.0122
66.0122
65.0122
64.0122
63.598
63.1838
62.7696
62.3554
61.9411
61.5269
61.1127
60.6985
60.2843
59.8701
59.4559
59.0416
58.6274
58.2132
57.799
57.3848
56.9706
56.5564
118.598
117.598
116.598
115.598
114.598
113.598
112.598
111.598
110.598
109.598
108.598
107.598
106.598
105.598
104.598
103.598
102.598
101.598
100.598
99.598
98.598
97.598
96.598
95.598
94.598
93.598
92.598
91.598
90.598
89.598
88.598
87.598
86.598
85.598
84.598
83.598
82.598
81.598
80.598
79.598
78.598
77.598
76.598
75.598
74.598
73.598
72.598
71.598
70.598
69.598
68.598
67.598
66.598
65.598
64.598
63.598
62.598
62.1838
61.7696
61.3554
60.9411
60.5269
60.1127
59.6985
59.2843
58.8701
58.4559
58.0416
57.6274
57.2132
56.799
56.3848
55.9706
55.5564
55.1421
115.184
114.184
113.184
112.184
111.184
110.184
109.184
108.184
107.184
106.184
105.184
104.184
103.184
102.184
101.184
100.184
99.1838
98.1838
97.1838
96.1838
95.1838
94.1838
93.1838
92.1838
91.1838
90.1838
89.1838
88.1838
87.1838
86.1838
85.1838
84.1838
83.1838
82.1838
81.1838
80.1838
79.1838
78.1838
77.1838
76.1838
75.1838
74.1838
73.1838
72.1838
71.1838
70.1838
69.1838
68.1838
67.1838
66.1838
65.1838
64.1838
63.1838
62.1838
61.1838
60.7696
60.3554
59.9411
59.5269
59.1127
58.6985
58.2843
57.8701
57.4559
57.0416
56.6274
56.2132
55.799
55.3848
54.9706
54.5564
54.1421
53.7279
110.77
109.77
108.77
107.77
106.77
105.77
104.77
103.77
102.77
101.77
100.77
99.7696
98.7696
97.7696
96.7696
95.7696
94.7696
93.7696
92.7696
91.7696
90.7696
89.7696
88.7696
87.7696
86.7696
85.7696
84.7696
83.7696
82.7696
81.7696
80.7696
79.7696
78.7696
77.7696
76.7696
75.7696
74.7696
73.7696
72.7696
71.7696
70.7696
69.7696
68.7696
67.7696
66.7696
65.7696
64.7696
63.7696
62.7696
61.7696
60.7696
59.7696
59.3554
58.9411
58.5269
58.1127
57.6985
57.2843
56.8701
56.4559
56.0416
55.6274
55.2132
54.799
54.3848
53.9706
53.5564
53.1421
52.7279
52.3137
105.355
104.355
103.355
102.355
101.355
100.355
99.3554
98.3554
97.3554
96.3554
95.3554
94.3554
93.3554
92.3554
91.3554
90.3554
89.3554
88.3554
87.3554
86.3554
85.3554
84.3554
83.3554
82.3554
81.3554
80.3554
79.3554
78.3554
77.3554
76.3554
75.3554
74.3554
73.3554
72.3554
71.3554
70.3554
69.3554
68.3554
67.3554
66.3554
65.3554
64.3554
63.3554
62.3554
61.3554
60.3554
59.3554
58.3554
57.9411
57.5269
57.1127
56.6985
56.2843
55.8701
55.4559
55.0416
54.6274
54.2132
53.799
53.3848
52.9706
52.5564
52.1421
51.7279
51.3137
50.8995
101.77
100.77
99.7696
98.7696
97.7696
96.7696
95.7696
94.7696
93.7696
92.7696
91.7696
90.7696
89.7696
88.7696
87.7696
86.7696
85.7696
84.7696
83.7696
82.7696
81.7696
80.7696
79.7696
78.7696
66.9411
65.9411
64.9411
63.9411
62.9411
61.9411
60.9411
59.9411
58.9411
57.9411
56.9411
56.5269
56.1127
55.6985
55.2843
54.8701
54.4559
54.0416
53.6274
53.2132
52.799
52.3848
51.9706
51.5564
51.1421
50.7279
50.3137
49.8995
49.4853
61.5269
60.5269
59.5269
58.5269
57.5269
56.5269
55.5269
55.1127
54.6985
54.2843
53.8701
53.4559
53.0416
52.6274
52.2132
51.799
51.3848
50.9706
50.5564
50.1421
49.7279
49.3137
48.8995
48.4853
48.0711
58.1127
57.1127
56.1127
55.1127
54.1127
53.6985
53.2843
52.8701
52.4559
52.0416
51.6274
51.2132
50.799
50.3848
49.9706
49.5564
49.1421
48.7279
48.3137
47.8995
47.4853
47.0711
46.6569
54.6985
53.6985
52.6985
52.2843
51.8701
51.4559
51.0416
50.6274
50.2132
49.799
49.3848
48.9706
48.5564
48.1421
47.7279
47.3137
46.8995
46.4853
46.0711
45.6569
53.2843
52.2843
51.2843
50.8701
50.4559
50.0416
49.6274
49.2132
48.799
48.3848
47.9706
47.5564
47.1421
46.7279
46.3137
45.8995
45.4853
45.0711
44.6569
44.2426
50.8701
49.8701
49.4559
49.0416
48.6274
48.2132
47.799
47.3848
46.9706
46.5564
46.1421
45.7279
45.3137
44.8995
44.4853
44.0711
43.6569
43.2426
49.4559
48.4559
48.0416
47.6274
47.2132
46.799
46.3848
45.9706
45.5564
45.1421
44.7279
44.3137
43.8995
43.4853
43.0711
42.6569
42.2426
41.8284
47.0416
46.6274
46.2132
45.799
45.3848
44.9706
44.5564
44.1421
43.7279
43.3137
42.8995
42.4853
42.0711
41.6569
41.2426
40.8284
45.6274
45.2132
44.799
44.3848
43.9706
43.5564
43.1421
42.7279
42.3137
41.8995
41.4853
41.0711
40.6569
40.2426
39.8284
39.4142
44.2132
43.799
43.3848
42.9706
42.5564
42.1421
41.7279
41.3137
40.8995
40.4853
40.0711
39.6569
39.2426
38.8284
38.4142
42.799
42.3848
41.9706
41.5564
41.1421
40.7279
40.3137
39.8995
39.4853
39.0711
38.6569
38.2426
37.8284
37.4142
37
39.7279
40.1421
40.5563
40.9706
41.3848
41.799
41.799
41.3848
40.9706
40.5564
40.1421
39.7279
39.3137
38.8995
38.4853
38.0711
37.6569
37.2426
36.8284
36.4142
36
37.8995
38.3137
38.7279
39.1421
39.5563
39.9706
40.3848
40.799
41.2132
41.6274
40.3848
39.9706
39.5564
39.1421
38.7279
38.3137
37.8995
37.4853
37.0711
36.6569
36.2426
35.8284
35.4142
35
35
36.4853
36.8995
37.3137
37.7279
38.1421
38.5563
38.9706
39.3848
39.799
40.2132
40.6274
41.0416
38.9706
38.5564
38.1421
37.7279
37.3137
36.8995
36.4853
36.0711
35.6569
35.2426
34.8284
34.4142
34
34
34.6569
35.0711
35.4853
35.8995
36.3137
36.7279
37.1421
37.5563
37.9706
38.3848
38.799
39.2132
39.6274
40.0416
38.3848
37.9706
37.5563
37.1421
36.7279
36.3137
35.8995
35.4853
37.5564
37.1421
36.7279
36.3137
35.8995
35.4853
35.0711
34.6569
34.2426
33.8284
33.4142
33
33
33.2426
33.6569
34.0711
34.4853
34.8995
35.3137
35.7279
36.1421
36.5563
36.9706
37.3848
37.799
38.2132
38.6274
39.0416
39.4558
38.2132
37.799
37.3848
36.9706
36.5563
36.1421
35.7279
35.3137
34.8995
34.4853
34.0711
36.5564
36.1421
35.7279
35.3137
34.8995
34.4853
34.0711
33.6569
33.2426
32.8284
32.4142
32
32
32
31.8284
32.2426
32.6569
33.0711
33.4853
33.8995
34.3137
34.7279
35.1421
35.5563
35.9706
36.3848
36.799
37.2132
37.6274
38.0416
38.4558
37.2132
36.799
36.3848
35.9706
35.5563
35.1421
34.7279
34.3137
33.8995
33.4853
33.0711
32.6569
32.2426
35.1421
34.7279
34.3137
33.8995
33.4853
33.0711
32.6569
32.2426
31.8284
31.4142
31
31
31
30.4142
30.8284
31.2426
31.6569
32.0711
32.4853
32.8995
33.3137
33.7279
34.1421
34.5563
34.9706
35.3848
35.799
36.2132
36.6274
37.0416
37.4558
36.6274
36.2132
35.799
35.3848
34.9706
34.5563
34.1421
33.7279
33.3137
32.8995
32.4853
32.0711
31.6569
31.2426
30.8284
34.1421
33.7279
33.3137
32.8995
32.4853
32.0711
31.6569
31.2426
30.8284
30.4142
30
30
30
30
29
29.4142
29.8284
30.2426
30.6569
31.0711
31.4853
31.8995
32.3137
32.7279
33.1421
33.5563
33.9706
34.3848
34.799
35.2132
35.6274
36.0416
36.4558
36.0416
35.6274
35.2132
34.799
34.3848
33.9706
33.5563
33.1421
32.7279
32.3137
31.8995
31.4853
31.0711
30.6569
30.2426
29.8284
29.4142
32.7279
32.3137
31.8995
31.4853
31.0711
30.6569
30.2426
29.8284
29.4142
29
29
29
29
28
28.4142
28.8284
29.2426
29.6569
30.0711
30.4853
30.8995
31.3137
31.7279
32.1421
32.5563
32.9706
33.3848
33.799
34.2132
34.6274
35.0416
35.4558
35.0416
34.6274
34.2132
33.799
33.3848
32.9706
32.5563
32.1421
31.7279
31.3137
30.8995
30.4853
30.0711
29.6569
29.2426
28.8284
28.4142
28
31.7279
31.3137
30.8995
30.4853
30.0711
29.6569
29.2426
28.8284
28.4142
28
28
28
28
28
27
27
27.4142
27.8284
28.2426
28.6569
29.0711
29.4853
29.8995
30.3137
30.7279
31.1421
31.5563
31.9706
32.3848
32.799
33.2132
33.6274
34.0416
27
34.0416
33.6274
33.2132
32.799
32.3848
31.9706
31.5563
31.1421
30.7279
30.3137
29.8995
29.4853
29.0711
28.6569
28.2426
27.8284
27.4142
27
30.3137
29.8995
29.4853
29.0711
28.6569
28.2426
27.8284
27.4142
27
27
27
27
27
26
26
26
26.4142
26.8284
27.2426
27.6569
28.0711
28.4853
28.8995
29.3137
29.7279
30.1421
30.5563
30.9706
31.3848
31.799
32.2132
32.6274
33.0416
27.2426
26.8284
26.4142
26
26
26
26
26
26
33.0416
32.6274
32.2132
31.799
31.3848
30.9706
30.5563
30.1421
29.7279
29.3137
28.8995
28.4853
28.0711
27.6569
27.2426
26.8284
26.4142
26
26
29.3137
28.8995
28.4853
28.0711
27.6569
27.2426
26.8284
26.4142
26
26
26
26
26
26
25
25
25
25
25.4142
25.8284
26.2426
26.6569
27.0711
27.4853
27.8995
28.3137
28.7279
29.1421
29.5563
29.9706
30.3848
30.799
31.2132
31.6274
26.6569
26.2426
25.8284
25.4142
25
25
25
25
25
25
25
25
32.0416
31.6274
31.2132
30.799
30.3848
29.9706
29.5563
29.1421
28.7279
28.3137
27.8995
27.4853
27.0711
26.6569
26.2426
25.8284
25.4142
25
25
25
27.8995
27.4853
27.0711
26.6569
26.2426
25.8284
25.4142
25
25
25
25
25
25
24
24
24
24
24.4142
24.8284
25.2426
25.6569
26.0711
26.4853
26.8995
27.3137
27.7279
28.1421
28.5563
28.9706
29.3848
29.799
30.2132
31.2132
26.4853
26.0711
25.6569
25.2426
24.8284
24.4142
24
24
24
24
24
24
24
24
24
28.5563
28.9706
29.3848
29.799
30.2132
30.6274
31.0416
31.4558
32.4558
33.4558
30.6274
30.2132
29.799
29.3848
28.9706
28.5563
28.1421
27.7279
27.3137
26.8995
26.4853
26.0711
25.6569
25.2426
24.8284
24.4142
24
24
24
26.8995
26.4853
26.0711
25.6569
25.2426
24.8284
24.4142
24
24
24
24
24
24
24
23
23
23
23
23
23.4142
23.8284
24.2426
24.6569
25.0711
25.4853
25.8995
26.3137
26.7279
27.1421
27.5563
27.9706
28.3848
28.799
29.799
25.4853
25.0711
24.6569
24.2426
23.8284
23.4142
23
23
23
23
23
23
23
23
23
23
23
26.7279
27.1421
27.5563
27.9706
28.3848
28.799
29.2132
29.6274
30.0416
31.0416
32.0416
33.0416
32.87
31.8701
30.8701
29.6274
29.2132
28.799
28.3848
27.9706
27.5563
27.1421
26.7279
26.3137
25.8995
25.4853
25.0711
24.6569
24.2426
23.8284
23.4142
23
23
23
23
25.4853
25.0711
24.6569
24.2426
23.8284
23.4142
23
23
23
23
23
23
23
22
22
22
22
22
22
22.4142
22.8284
23.2426
23.6569
24.0711
24.4853
24.8995
25.3137
25.7279
26.1421
26.5563
26.9706
27.3848
28.3848
24.8995
24.4853
24.0711
23.6569
23.2426
22.8284
22.4142
22
22
22
22
22
22
22
22
22
22
22
24.8995
25.3137
25.7279
26.1421
26.5563
26.9706
27.3848
27.799
28.2132
28.6274
29.6274
30.6274
31.6274
32.6274
32.4558
31.4558
30.4558
29.4558
29.0416
28.6274
29.2132
28.2132
27.799
27.3848
26.9706
26.5563
26.1421
25.7279
25.3137
24.8995
24.4853
24.0711
23.6569
23.2426
22.8284
22.4142
22
22
22
22
22
24.4853
24.0711
23.6569
23.2426
22.8284
22.4142
22
22
22
22
22
22
22
22
21
21
21
21
21
21
21.4142
21.8284
22.2426
22.6569
23.0711
23.4853
23.8995
24.3137
24.7279
25.1421
25.5563
25.9706
22.2426
23.8995
23.4853
23.0711
22.6569
22.2426
21.8284
21.4142
21
21
21
21
21
21
21
21
21
21
21
21
23.4853
23.8995
24.3137
24.7279
25.1421
25.5563
25.9706
26.3848
26.799
27.2132
28.2132
29.2132
30.2132
31.2132
32.2132
32.0416
31.0416
30.0416
29.0416
28.0416
27.6274
27.2132
26.799
26.3848
27.799
26.799
26.3848
25.9706
25.5563
25.1421
24.7279
24.3137
23.8995
23.4853
23.0711
22.6569
22.2426
21.8284
21.4142
21
21
21
21
21
23.0711
22.6569
22.2426
21.8284
21.4142
21
21
21
21
21
21
21
21
20
20
20
20
20
20
20
20.4142
20.8284
21.2426
21.6569
22.0711
22.4853
22.8995
23.3137
23.7279
24.1421
24.5563
20
20.4142
20.8284
21.2426
21.6569
21.2426
20.8284
20.4142
20
20
20
23.3137
22.8995
22.4853
22.0711
21.6569
21.2426
20.8284
20.4142
20
20
20
20
20
20
20
20
20
20
20
20
20
22.0711
22.4853
22.8995
23.3137
23.7279
24.1421
24.5563
24.9706
25.3848
25.799
26.799
27.799
28.799
29.799
30.799
31.799
31.6274
30.6274
29.6274
28.6274
27.6274
26.6274
26.2132
25.799
25.3848
24.9706
24.5563
24.1421
23.7279
26.3848
25.3848
24.9706
24.5563
24.1421
23.7279
23.3137
22.8995
22.4853
22.0711
21.6569
21.2426
20.8284
20.4142
20
20
20
20
20
20
22.0711
21.6569
21.2426
20.8284
20.4142
20
20
20
20
20
20
20
20
20
19
19
19
19
19
19
19
19
19.4142
19.8284
20.2426
20.6569
21.0711
21.4853
21.8995
22.3137
22.7279
23.1421
19
19
19
19.4142
19.8284
20.2426
20.6569
20.2426
19.8284
19.4142
19
19
19
19
19
22.3137
21.8995
21.4853
21.0711
20.6569
20.2426
19.8284
19.4142
19
19
19
19
19
19
19
19
19
19
19
19
19
20.6569
21.0711
21.4853
21.8995
22.3137
22.7279
23.1421
23.5563
23.9706
24.3848
25.3848
26.3848
27.3848
28.3848
29.3848
30.3848
31.3848
31.2132
30.2132
29.2132
28.2132
27.2132
26.2132
25.2132
24.799
24.3848
23.9706
23.5563
23.1421
22.7279
22.3137
21.8995
21.4853
21.0711
20.6569
24.9706
23.9706
23.5563
23.1421
22.7279
22.3137
21.8995
21.4853
21.0711
20.6569
20.2426
19.8284
19.4142
19
19
19
19
19
19
21.0711
20.6569
20.2426
19.8284
19.4142
19
19
19
19
19
19
19
19
19
18
18
18
18
18
18
18
18
18.4142
18.8284
19.2426
19.6569
20.0711
20.4853
20.8995
21.3137
21.7279
18
18
18
18
18
18.4142
18.8284
19.2426
19.6569
19.2426
18.8284
18.4142
18
18
18
18
18
18
21.3137
20.8995
20.4853
20.0711
19.6569
19.2426
18.8284
18.4142
18
18
18
18
18
18
18
18
18
18
18
18
18
18
19.2426
19.6569
20.0711
20.4853
20.8995
21.3137
21.7279
22.1421
22.5563
22.9706
23.9706
24.9706
25.9706
26.9706
27.9706
28.9706
29.9706
30.9706
30.799
29.799
28.799
27.799
26.799
25.799
24.799
23.799
23.3848
22.9706
22.5563
22.1421
21.7279
21.3137
20.8995
20.4853
20.0711
19.6569
19.2426
18.8284
18.4142
18
18
18
23.5563
22.5563
22.1421
21.7279
21.3137
20.8995
20.4853
20.0711
19.6569
19.2426
18.8284
18.4142
18
18
18
18
18
18
18
19.6569
19.2426
18.8284
18.4142
18
18
18
18
18
18
18
18
18
18
17
17
17
17
17
17
17
17
17
17.4142
17.8284
18.2426
18.6569
19.0711
19.4853
19.8995
20.3137
17
17
17
17
17
17
17
17.4142
17.8284
18.2426
18.6569
18.2426
17.8284
17.4142
17
17
17
17
17
17
17
20.3137
19.8995
19.4853
19.0711
18.6569
18.2426
17.8284
17.4142
17
17
17
17
17
17
17
17
17
17
17
17
17
17
17.4142
17.8284
18.2426
18.6569
19.0711
19.4853
19.8995
20.3137
20.7279
21.1421
21.5563
22.5563
23.5563
24.5563
25.5563
26.5563
27.5563
28.5563
29.5563
30.5563
30.3848
29.3848
28.3848
27.3848
26.3848
25.3848
24.3848
23.3848
22.3848
21.9706
21.5563
21.1421
20.7279
20.3137
19.8995
19.4853
19.0711
18.6569
18.2426
17.8284
17.4142
17
17
17
17
17
17
17
17
17
17
17
17
17
17
17
22.1421
21.1421
20.7279
20.3137
19.8995
19.4853
19.0711
18.6569
18.2426
17.8284
17.4142
17
17
17
17
17
17
17
18.6569
18.2426
17.8284
17.4142
17
17
17
17
17
17
17
17
17
17
17
16
16
16
16
16
16
16
16
16
16.4142
16.8284
17.2426
17.6569
18.0711
18.4853
18.8995
16
16
16
16
16
16
16
16
16.4142
16.8284
17.2426
17.6569
17.2426
16.8284
16.4142
16
16
16
16
16
16
16
16
18.8995
18.4853
18.0711
17.6569
17.2426
16.8284
16.4142
16
16
16
16
16
16
16
16
16
16
16
16
16
16
16
16
16.4142
16.8284
17.2426
17.6569
18.0711
18.4853
18.8995
19.3137
19.7279
20.1421
21.1421
22.1421
23.1421
24.1421
25.1421
26.1421
27.1421
28.1421
29.1421
30.1421
29.9706
28.9706
27.9706
26.9706
25.9706
24.9706
23.9706
22.9706
21.9706
20.9706
20.5563
20.1421
19.7279
19.3137
18.8995
18.4853
18.0711
17.6569
17.2426
16.8284
16.4142
16
16
16
16
16
16
16
16
16
16
16
16
16
16
16
16
16
16
16
16
16
16
20.7279
19.7279
19.3137
18.8995
18.4853
18.0711
17.6569
17.2426
16.8284
16.4142
16
16
16
16
16
16
16
17.2426
16.8284
16.4142
16
16
16
16
16
16
16
16
16
16
16
16
16
16
16
15
15
15
15
15
15
15
15
15
15
15.4142
15.8284
16.2426
16.6569
17.0711
17.4853
15
15
15
15
15
15
15
15
15
15.4142
15.8284
16.2426
16.6569
16.2426
15.8284
15.4142
15
15
15
15
15
15
15
15
15
17.8995
17.4853
17.0711
16.6569
16.2426
15.8284
15.4142
15
15
15
15
15
15
15
15
15
15
15
15
15
15
15
15
15
15
15.4142
15.8284
16.2426
16.6569
17.0711
17.4853
17.8995
18.3137
18.7279
19.7279
20.7279
21.7279
22.7279
23.7279
24.7279
25.7279
26.7279
27.7279
28.7279
29.7279
29.5563
28.5563
27.5563
26.5563
25.5563
24.5563
23.5563
22.5563
21.5563
20.5563
19.5563
19.1421
18.7279
18.3137
17.8995
17.4853
17.0711
16.6569
16.2426
15.8284
15.4142
15
15
15
15
15
15
15
15
15
15
15
15
15
15
15
15
15
15
15
15
15
15
15
15
15
15
15
15
19.3137
18.3137
17.8995
17.4853
17.0711
16.6569
16.2426
15.8284
15.4142
15
15
15
15
15
15
15
15
16.2426
15.8284
15.4142
15
15
15
15
15
15
15
15
15
15
15
15
15
15
15
15
15
15
14
14
14
14
14
14
14
14
14
14
14.4142
14.8284
15.2426
15.6569
16.0711
14
14
14
14
14
14
14
14
14
14
14.4142
14.8284
15.2426
15.6569
15.2426
14.8284
14.4142
14
14
14
14
14
14
14
14
14
16.8995
16.4853
16.0711
15.6569
15.2426
14.8284
14.4142
14
14
14
14
14
14
14
14
14
14
14
14
14
14
14
14
14
14
14
14
14
14.4142
14.8284
15.2426
15.6569
16.0711
16.4853
16.8995
17.3137
18.3137
19.3137
20.3137
21.3137
22.3137
23.3137
24.3137
25.3137
26.3137
27.3137
28.3137
29.3137
29.1421
28.1421
27.1421
26.1421
25.1421
24.1421
23.1421
22.1421
21.1421
20.1421
19.1421
18.1421
17.7279
17.3137
16.8995
16.4853
16.0711
15.6569
15.2426
14.8284
14.4142
14
14
14
14
14
14
14
14
14
14
14
14
14
14
14
14
14
14
14
14
14
14
14
14
14
14
14
14
14
14
14
16.8995
16.4853
16.0711
15.6569
15.2426
14.8284
14.4142
14
14
14
14
14
14
14
14
15.2426
14.8284
14.4142
14
14
14
14
14
14
14
14
14
14
14
14
14
14
14
14
14
14
14
14
13
13
13
13
13
13
13
13
13
13
13.4142
13.8284
14.2426
14.6569
15.0711
13
13
13
13
13
13
13
13
13
13
13
13.4142
13.8284
14.2426
14.6569
14.2426
13.8284
13.4142
13
13
13
13
13
13
13
13
13
13
15.4853
15.0711
14.6569
14.2426
13.8284
13.4142
13
13
13
13
13
13
13
13
13
13
13
13
13
13
13
13
13
13
13
13
13
13
13
13
13
13.4142
13.8284
14.2426
14.6569
15.0711
15.4853
15.8995
16.8995
17.8995
18.8995
19.8995
20.8995
21.8995
22.8995
23.8995
24.8995
25.8995
26.8995
27.8995
28.8995
28.7279
27.7279
26.7279
25.7279
24.7279
23.7279
22.7279
21.7279
20.7279
19.7279
18.7279
17.7279
16.7279
16.3137
15.8995
15.4853
15.0711
14.6569
14.2426
13.8284
13.4142
13
13
13
13
13
13
13
13
13
13
13
13
13
13
13
13
13
13
13
13
13
13
13
13
13
13
13
13
13
13
13
13
13
13
15.4853
15.0711
14.6569
14.2426
13.8284
13.4142
13
13
13
13
13
13
13
13
13
13.8284
13.4142
13
13
13
13
13
13
13
13
13
13
13
13
13
13
13
13
13
13
13
13
13
13
12
12
12
12
12
12
12
12
12
12
12
12.4142
12.8284
13.2426
13.6569
12
12
12
12
12
12
12
12
12
12
12
12.4142
12.8284
13.2426
13.6569
13.2426
12.8284
12.4142
12
12
12
12
12
12
12
12
12
12
14.0711
13.6569
13.2426
12.8284
12.4142
12
12
12
12
12
12
12
12
12
12
12
12
12
12
12
12
12
12
12
12
12
12
12
12
12
12
12
12.4142
12.8284
13.2426
13.6569
14.0711
14.4853
15.4853
16.4853
17.4853
18.4853
19.4853
20.4853
21.4853
22.4853
23.4853
24.4853
25.4853
26.4853
27.4853
28.4853
28.3137
27.3137
26.3137
25.3137
24.3137
23.3137
22.3137
21.3137
20.3137
19.3137
18.3137
17.3137
16.3137
15.3137
14.8995
14.4853
14.0711
13.6569
13.2426
12.8284
12.4142
12
12
12
12
12
12
12
12
12
12
12
12
12
12
12
12
12
12
12
12
12
12
12
12
12
12
12
12
12
12
12
12
12
12
12
12
12
12
12
12
12
14.0711
13.6569
13.2426
12.8284
12.4142
12
12
12
12
12
12
12
12
12
12.8284
12.4142
12
12
12
12
12
12
12
12
12
12
12
12
12
12
12
12
12
12
12
12
12
12
12
11
11
11
11
11
11
11
11
11
11
11
11
11
11
11
11
11.4142
11.8284
12.2426
11
11
11
11
11
11
11
11
11
11
11
11
11.4142
11.8284
12.2426
12.6569
12.2426
11.8284
11.4142
11
11
11
11
11
11
11
11
11
11
11
13.0711
12.6569
12.2426
11.8284
11.4142
11
11
11
11
11
11
11
11
11
11
11
11
11
11
11
11
11
11
11
11
11
11
11
11
11
11
11
11
11
11.4142
11.8284
12.2426
12.6569
13.0711
14.0711
23.8995
24.8995
25.8995
26.8995
27.8995
28.8995
27.8995
26.8995
25.8995
24.8995
23.8995
22.8995
21.8995
20.8995
19.8995
18.8995
17.8995
16.8995
15.8995
14.8995
13.8995
13.4853
13.0711
12.6569
12.2426
11.8284
11.4142
11
11
11
11
11
11
11
11
11
11
11
11
11
11
11
11
11
11
11
11
11
11
11
11
11
11
11
11
11
11
11
11
11
11
11
11
11
11
11
11
11
11
11
11
11
11
11
11
11
13.0711
12.6569
12.2426
11.8284
11.4142
11
11
11
11
11
11
11
11
11
11.8284
11.4142
11
11
11
11
11
11
11
11
11
11
11
11
11
11
11
11
11
11
11
11
11
11
11
11
11
10
10
10
10
10
10
10
10
10
10
10
10
10
10
10
10
10
10
10
10
10
10.4142
10.8284
11.2426
10
10
10
10
10
10
10
10
10
10
10
10
10
10.4142
10.8284
11.2426
11.6569
11.2426
10.8284
10.4142
10
10
10
10
10
10
10
10
10
10
10
11.6569
11.2426
10.8284
10.4142
10
10
10
10
10
10
10
10
10
10
10
10
10
10
10
10
10
10
10
10
10
10
10
10
10
10
10
10
10
10
10.4142
10.8284
11.2426
11.6569
27.4853
26.4853
25.4853
24.4853
23.4853
22.4853
21.4853
20.4853
19.4853
18.4853
17.4853
16.4853
15.4853
14.4853
13.4853
12.4853
12.0711
11.6569
11.2426
10.8284
10.4142
10
10
10
10
10
10
10
10
10
10
10
10
10
10
10
10
10
10
10
10
10
10
10
10
10
10
10
10
10
10
10
10
10
10
10
10
10
10
10
10
10
10
10
10
10
10
10
10
10
10
10
10
10
11.6569
11.2426
10.8284
10.4142
10
10
10
10
10
10
10
10
10
10
10.8284
10.4142
10
10
10
10
10
10
10
10
10
10
10
10
10
10
10
10
10
10
10
10
10
10
10
10
10
9
9
9
9
9
9
9
9
9
9
9
9
9
9
9
9
9
9
9
9
9
9
9
9
9.41421
9.82843
9
9
9
9
9
9
9
9
9
9
9
9
9
9.41421
9.82843
10.2426
10.6569
10.2426
9.82843
9.41421
9
9
9
9
9
9
9
9
9
9
9
10.2426
9.82843
9.41421
9
9
9
9
9
9
9
9
9
9
9
9
9
9
9
9
9
9
9
9
9
9
9
9
9
9
9
9
9
9
9
9.41421
9.82843
10.2426
14.0711
13.0711
12.0711
11.0711
10.6569
10.2426
9.82843
9.41421
9
9
9
9
9
9
9
9
9
9
9
9
9
9
9
9
9
9
9
9
9
9
9
9
9
9
9
9
9
9
9
9
9
9
9
9
9
9
9
9
9
9
9
9
9
9
9
9
9
9
9
9
9
9
9
9
9
10.2426
9.82843
9.41421
9
9
9
9
9
9
9
9
9
9
9.41421
9
9
9
9
9
9
9
9
9
9
9
9
9
9
9
9
9
9
9
9
9
9
9
9
9
9
9
8
8
8
8
8
8
8
8
8
8
8
8
8
8
8
8
8
8
8
8
8
8
8
8
8
8
8
8
8
8.41421
8.82843
8
8
8
8
8
8
8
8
8
8
8
8
8
8
8.41421
8.82843
9.24264
9.65685
9.24264
8.82843
8.41421
8
8
8
8
8
8
8
8
8
8
8
9.24264
8.82843
8.41421
8
8
8
8
8
8
8
8
8
8
8
8
8
8
8
8
8
8
8
8
8
8
8
8
8
8
8
8
8
8
8
8
8.41421
8.82843
10.6569
9.65685
9.24264
8.82843
8.41421
8
8
8
8
8
8
8
8
8
8
8
8
8
8
8
8
8
8
8
8
8
8
8
8
8
8
8
8
8
8
8
8
8
8
8
8
8
8
8
8
8
8
8
8
8
8
8
8
8
8
8
8
8
8
8
8
8
8
8
8
8.82843
8.41421
8
8
8
8
8
8
8
8
8
8
8.41421
8
8
8
8
8
8
8
8
8
8
8
8
8
8
8
8
8
8
8
8
8
8
8
8
8
8
8
7
7
7
7
7
7
7
7
7
7
7
7
7
7
7
7
7
7
7
7
7
7
7
7
7
7
7
7
7
7
7
7.41421
7.82843
7
7
7
7
7
7
7
7
7
7
7
7
7
7
7.41421
7.82843
8.24264
8.65685
8.24264
7.82843
7.41421
7
7
7
7
7
7
7
7
7
7
7
7.82843
7.41421
7
7
7
7
7
7
7
7
7
7
7
7
7
7
7
7
7
7
7
7
7
7
7
7
7
7
7
7
7
7
7
7
7.41421
8.24264
7.82843
7.41421
7
7
7
7
7
7
7
7
7
7
7
7
7
7
7
7
7
7
7
7
7
7
7
7
7
7
7
7
7
7
7
7
7
7
7
7
7
7
7
7
7
7
7
7
7
7
7
7
7
7
7
7
7
7
7
7
7
7
7
7
7
7
7.82843
7.41421
7
7
7
7
7
7
7
7
7
7
7.41421
7
7
7
7
7
7
7
7
7
7
7
7
7
7
7
7
7
7
7
7
7
7
7
7
7
7
7
7
6
6
6
6
6
6
6
6
6
6
6
6
6
6
6
6
6
6
6
6
6
6
6
6
6
6
6
6
6
6
6
6
6.41421
6
6
6
6
6
6
6
6
6
6
6
6
6
6
6
6.41421
6.82843
7.24264
7.65685
7.24264
6.82843
6.41421
6
6
6
6
6
6
6
6
6
6
6
6.41421
6
6
6
6
6
6
6
6
6
6
6
6
6
6
6
6
6
6
6
6
6
6
6
6
6
6
6
6
6
6
6
6
6
6
6.41421
6.82843
6.41421
6
6
6
6
6
6
6
6
6
6
6
6
6
6
6
6
6
6
6
6
6
6
6
6
6
6
6
6
6
6
6
6
6
6
6
6
6
6
6
6
6
6
6
6
6
6
6
6
6
6
6
6
6
6
6
6
6
6
6
6
6
6
6
6
6.41421
6
6
6
6
6
6
6
6
6
6
6
6.41421
6
6
6
6
6
6
6
6
6
6
6
6
6
6
6
6
6
6
6
6
6
6
6
6
6
6
6
6
5
5
5
5
5
5
5
5
5
5
5
5
5
5
5
5
5
5
5
5
5
5
5
5
5
5
5
5
5
5
5
5
5.41421
5
5
5
5
5
5
5
5
5
5
5
5
5
5
5
5.41421
5.82843
6.24264
6.65685
6.24264
5.82843
5.41421
5
5
5
5
5
5
5
5
5
5
5
5
5.41421
5
5
5
5
5
5
5
5
5
5
5
5
5
5
5
5
5
5
5
5
5
5
5
5
5
5
5
5
5
5
5
5
5
5
5.41421
5.41421
5
5
5
5
5
5
5
5
5
5
5
5
5
5
5
5
5
5
5
5
5
5
5
5
5
5
5
5
5
5
5
5
5
5
5
5
5
5
5
5
5
5
5
5
5
5
5
5
5
5
5
5
5
5
5
5
5
5
5
5
5
5
5
5
5
5.41421
5
5
5
5
5
5
5
5
5
5
5
5
5
5
5
5
5
5
5
5
5
5
5
5
5
5
5
5
5
5
5
5
5
5
5
5
5
5
5
5
4
4
4
4
4
4
4
4
4
4
4
4
4
4
4
4
4
4
4
4
4
4
4
4
4
4
4
4
4
4
4
4
4
4.41421
4
4
4
4
4
4
4
4
4
4
4
4
4
4
4
4.41421
4.82843
5.24264
6.24264
5.24264
4.82843
4.41421
4
4
4
4
4
4
4
4
4
4
4
4
4
4
4
4
4
4
4
4
4
4
4
4
4
4
4
4
4
4
4
4
4
4
4
4
4
4
4
4
4
4
4
4
4
4
4
4.41421
4
4
4
4
4
4
4
4
4
4
4
4
4
4
4
4
4
4
4
4
4
4
4
4
4
4
4
4
4
4
4
4
4
4
4
4
4
4
4
4
4
4
4
4
4
4
4
4
4
4
4
4
4
4
4
4
4
4
4
4
4
4
4
4
4
4
4
4
4.41421
4
4
4
4
4
4
4
4
4
4
4
4
4
4
4
4
4
4
4
4
4
4
4
4
4
4
4
4
4
4
4
4
4
4
4
4
4
4
4
4
3
3
3
3
3
3
3
3
3
3
3
3
3
3
3
3
3
3
3
3
3
3
3
3
3
3
3
3
3
3
3
3
3
3.41421
3
3
3
3
3
3
3
3
3
3
3
3
3
3
3
3.41421
3.82843
3.82843
3.41421
3
3
3
3
3
3
3
3
3
3
3
3
3
3
3
3
3
3
3
3
3
3
3
3
3
3
3
3
3
3
3
3
3
3
3
3
3
3
3
3
3
3
3
3
3
3
3
3
3
3
3
3
3
3
3
3
3
3
3
3
3
3
3
3
3
3
3
3
3
3
3
3
3
3
3
3
3
3
3
3
3
3
3
3
3
3
3
3
3
3
3
3
3
3
3
3
3
3
3
3
3
3
3
3
3
3
3
3
3
3
3
3
3
3
3
3.41421
3
3
3
3
3
3
3
3
3
3
3
3
3
3
3
3
3
3
3
3
3
3
3
3
3
3
3
3
3
3
3
3
3
3
3
3
3
3
3
3
3
2
2
2
2
2
2
2
2
2
2
2
2
2
2
2
2
2
2
2
2
2
2
2
2
2
2
2
2
2
2
2
2
2
2.41421
2
2
2
2
2
2
2
2
2
2
2
2
2
2
2
2
2.41421
2.41421
2
2
2
2
2
2
2
2
2
2
2
2
2
2
2
2
2
2
2
2
2
2
2
2
2
2
2
2
2
2
2
2
2
2
2
2
2
2
2
2
2
2
2
2
2
2
2
2
2
2
2
2
2
2
2
2
2
2
2
2
2
2
2
2
2
2
2
2
2
2
2
2
2
2
2
2
2
2
2
2
2
2
2
2
2
2
2
2
2
2
2
2
2
2
2
2
2
2
2
2
2
2
2
2
2
2
2
2
2
2
2
2
2
2
2
2
2
2
2
2
2
2
2
2
2
2
2
2
2
2
2
2
2
2
2
2
2
2
2
2
2
2
2
2
2
2
2
2
2
2
2
2
2
2
2
2
2
1
1
1
1
1
1
1
1
1
1
1
1
1
1
1
1
1
1
1
1
1
1
1
1
1
1
1
1
1
1
1
1
1
1
1
1
1
1
1
1
1
1
1
1
1
1
1
1
1
1
1
1
1
1
1
1
1
1
1
1
1
1
1
1
1
1
1
1
1
1
1
1
1
1
1
1
1
1
1
1
1
1
1
1
1
1
1
1
1
1
1
1
1
1
1
1
1
1
1
1
1
1
1
1
1
1
1
1
1
1
1
1
1
1
1
1
1
1
1
1
1
1
1
1
1
1
1
1
1
1
1
1
1
1
1
1
1
1
1
1
1
1
1
1
1
1
1
1
1
1
1
1
1
1
1
1
1
1
1
1
1
1
1
1
1
1
1
1
1
1
1
1
1
1
1
1
1
1
1
1
1
1
1
1
1
1
1
1
1
1
1
1
1
1
1
1
1
1
1
1
1
1
1
1
1
1
0
0
0
0
0
0
0
0
0
0
0
0
0
0
0
0
0
0
0
0
0
0
0
0
0
0
0
0
0
0
0
0
0
0
0
0
0
0
0
0
0
0
0
0
0
0
0
0
0
0
0
0
0
0
0
0
0
0
0
0
0
0
0
0
0
0
0
0
0
0
0
0
0
0
0
0
0
0
0
0
0
0
0
0
0
0
0
0
0
0
0
0
0
0
0
0
0
0
0
0
0
0
0
0
0
0
0
0
0
0
0
0
0
0
0
0
0
0
0
0
0
0
0
0
0
0
0
0
0
0
0
0
0
0
0
0
0
0
0
0
0
0
0
0
0
0
0
0
0
0
0
0
0
0
0
0
0
0
0
0
0
0
0
0
0
0
0
0
0
0
0
0
0
0
0
0
0
0
0
0
0
0
0
0
0
0
0
0
0
0
0
0
0
0
0
0
0
0
0
0
0
0
0
0
0
0
