100.414
100
100
100
100
100
100
100
100
100
100
100
100
100
100
100.414
100.828
141.297
141.711
142.125
142.539
142.953
143.368
143.782
144.196
144.61
145.024
145.439
145.853
146.267
146.681
147.096
148.096
149.096
150.096
151.096
152.096
153.096
116.154
115.74
115.326
114.912
114.498
114.083
113.669
113.255
112.841
112.426
112.012
111.598
111.184
110.77
110.355
109.941
109.527
109.113
108.699
108.284
107.87
107.456
107.042
106.627
99.4142
99
99
99
99
99
99
99
99
99
99
99
99
99
99
99.4142
99.8284
140.297
140.711
141.125
141.539
141.953
142.368
142.782
143.196
143.61
144.024
144.439
144.853
145.267
145.681
146.681
147.681
148.681
149.681
150.681
151.681
152.681
115.154
114.74
114.326
113.912
113.498
113.083
112.669
112.255
111.841
111.426
111.012
110.598
110.184
109.77
109.355
108.941
108.527
108.113
107.699
107.284
106.87
106.456
106.042
105.627
98.4142
98
98
98
98
98
98
98
98
98
98
98
98
98
98
98.4142
98.8284
139.297
139.711
140.125
140.539
140.953
141.368
141.782
142.196
142.61
143.024
143.439
143.853
144.267
145.267
146.267
147.267
148.267
149.267
150.267
151.267
152.267
114.569
114.154
113.74
113.326
112.912
112.498
112.083
111.669
111.255
110.841
110.426
110.012
109.598
109.184
108.77
108.355
107.941
107.527
107.113
106.699
106.284
105.87
105.456
105.042
104.627
97.4142
97
97
97
97
97
97
97
97
97
97
97
97
97
97
97.4142
97.8284
138.297
138.711
139.125
139.539
139.953
140.368
140.782
141.196
141.61
142.024
142.439
142.853
143.853
144.853
145.853
146.853
147.853
148.853
149.853
150.853
151.853
113.569
113.154
112.74
112.326
111.912
111.498
111.083
110.669
110.255
109.841
109.426
109.012
108.598
108.184
107.77
107.355
106.941
106.527
106.113
105.699
105.284
104.87
104.456
104.042
103.627
96.4142
96
96
96
96
96
96
96
96
96
96
96
96
96
96
96.4142
96.8284
137.297
137.711
138.125
138.539
138.953
139.368
139.782
140.196
140.61
141.024
141.439
142.439
143.439
144.439
145.439
146.439
147.439
148.439
149.439
150.439
151.439
112.569
112.154
111.74
111.326
110.912
110.498
110.083
109.669
109.255
108.841
108.426
108.012
107.598
107.184
106.77
106.355
105.941
105.527
105.113
104.699
104.284
103.87
103.456
103.042
102.627
95.4142
95
95
95
95
95
95
95
95
95
95
95
95
95
95
95.4142
95.8284
136.297
136.711
137.125
137.539
137.953
138.368
138.782
139.196
139.61
140.024
141.024
142.024
143.024
144.024
145.024
146.024
147.024
148.024
149.024
150.024
151.024
111.569
111.154
110.74
110.326
109.912
109.498
109.083
108.669
108.255
107.841
107.426
107.012
106.598
106.184
105.77
105.355
104.941
104.527
104.113
103.699
103.284
102.87
102.456
102.042
101.627
94.4142
94
94
94
94
94
94
94
94
94
94
94
94
94
94
94.4142
94.8284
134.882
135.297
135.711
136.125
136.539
136.953
137.368
137.782
138.196
138.61
139.61
140.61
141.61
142.61
143.61
144.61
145.61
146.61
147.61
148.61
149.61
150.61
110.569
110.154
109.74
109.326
108.912
108.498
108.083
107.669
107.255
106.841
106.426
106.012
105.598
105.184
104.77
104.355
103.941
103.527
103.113
102.699
102.284
101.87
101.456
101.042
100.627
93.4142
93
93
93
93
93
93
93
93
93
93
93
93
93
93
93.4142
93.8284
133.882
134.297
134.711
135.125
135.539
135.953
136.368
136.782
137.196
138.196
139.196
140.196
141.196
142.196
143.196
144.196
145.196
146.196
147.196
148.196
149.196
150.196
109.983
109.569
109.154
108.74
108.326
107.912
107.498
107.083
106.669
106.255
105.841
105.426
105.012
104.598
104.184
103.77
103.355
102.941
102.527
102.113
101.699
101.284
100.87
100.456
100.042
99.6274
92.4142
92
92
92
92
92
92
92
92
92
92
92
92
92
92
92.4142
92.8284
132.882
133.297
133.711
134.125
134.539
134.953
135.368
135.782
136.782
137.782
138.782
139.782
140.782
141.782
142.782
143.782
144.782
145.782
146.782
147.782
148.782
149.782
108.983
108.569
108.154
107.74
107.326
106.912
106.498
106.083
105.669
105.255
104.841
104.426
104.012
103.598
103.184
102.77
102.355
101.941
101.527
101.113
100.699
100.284
99.8701
99.4559
99.0416
98.6274
98.2132
91.4142
91
91
91
91
91
91
91
91
91
91
91
91
91
91
91.4142
91.8284
92.2426
131.882
132.297
132.711
133.125
133.539
133.953
134.368
135.368
136.368
137.368
138.368
139.368
140.368
141.368
142.368
143.368
144.368
145.368
146.368
147.368
148.368
149.368
107.983
107.569
107.154
106.74
106.326
105.912
105.498
105.083
104.669
104.255
103.841
103.426
103.012
102.598
102.184
101.77
101.355
100.941
100.527
100.113
99.6985
99.2843
98.8701
98.4559
98.0416
97.6274
97.2132
90.4142
90
90
90
90
90
90
90
90
90
90
90
90
90
90
90.4142
90.8284
91.2426
130.468
130.882
131.297
131.711
132.125
132.539
132.953
133.953
134.953
135.953
136.953
137.953
138.953
139.953
140.953
141.953
142.953
143.953
144.953
145.953
146.953
147.953
148.953
107.397
106.983
106.569
106.154
105.74
105.326
104.912
104.498
104.083
103.669
103.255
102.841
102.426
102.012
101.598
101.184
100.77
100.355
99.9411
99.5269
99.1127
98.6985
98.2843
97.8701
97.4559
97.0416
96.6274
96.2132
89.4142
89
89
89
89
89
89
89
89
89
89
89
89
89
89
89.4142
89.8284
90.2426
129.468
129.882
130.297
130.711
131.125
131.539
132.539
133.539
134.539
135.539
136.539
137.539
138.539
139.539
140.539
141.539
142.539
143.539
144.539
145.539
146.539
147.539
148.539
106.811
106.397
105.983
105.569
105.154
104.74
104.326
103.912
103.498
103.083
102.669
102.255
101.841
101.426
101.012
100.598
100.184
99.7696
99.3554
98.9411
98.5269
98.1127
97.6985
97.2843
96.8701
96.4559
96.0416
95.6274
95.2132
88.4142
88
88
88
88
88
88
88
88
88
88
88
88
88
88
88.4142
88.8284
89.2426
128.468
128.882
129.297
129.711
130.125
131.125
132.125
133.125
134.125
135.125
136.125
137.125
138.125
139.125
140.125
141.125
142.125
143.125
144.125
145.125
146.125
147.125
148.125
105.811
105.397
104.983
104.569
104.154
103.74
103.326
102.912
102.498
102.083
101.669
101.255
100.841
100.426
100.012
99.598
99.1838
98.7696
98.3554
97.9411
97.5269
97.1127
96.6985
96.2843
95.8701
95.4559
95.0416
94.6274
94.2132
87.4142
87
87
87
87
87
87
87
87
87
87
87
87
87
87
87.4142
87.8284
88.2426
88.6569
127.054
127.468
127.882
128.297
128.711
129.711
130.711
131.711
132.711
133.711
134.711
135.711
136.711
137.711
138.711
139.711
140.711
141.711
142.711
143.711
144.711
145.711
146.711
147.711
148.711
105.225
104.811
104.397
103.983
103.569
103.154
102.74
102.326
101.912
101.498
101.083
100.669
100.255
99.8407
99.4264
99.0122
98.598
98.1838
97.7696
97.3554
96.9411
96.5269
96.1127
95.6985
95.2843
94.8701
94.4559
94.0416
93.6274
93.2132
92.799
86.4142
86
86
86
86
86
86
86
86
86
86
86
86
86
86
86.4142
86.8284
87.2426
87.6569
126.054
126.468
126.882
127.297
128.297
129.297
130.297
131.297
132.297
133.297
134.297
135.297
136.297
137.297
138.297
139.297
140.297
141.297
142.297
143.297
144.297
145.297
146.297
147.297
148.297
104.64
104.225
103.811
103.397
102.983
102.569
102.154
101.74
101.326
100.912
100.498
100.083
99.6691
99.2549
98.8407
98.4264
98.0122
97.598
97.1838
96.7696
96.3554
95.9411
95.5269
95.1127
94.6985
94.2843
93.8701
93.4559
93.0416
92.6274
92.2132
91.799
85.4142
85
85
85
85
85
85
85
85
85
85
85
85
85
85
85.4142
85.8284
86.2426
86.6569
124.64
125.054
125.468
125.882
126.882
127.882
128.882
129.882
130.882
131.882
132.882
133.882
134.882
135.882
136.882
137.882
138.882
139.882
140.882
141.882
142.882
143.882
144.882
145.882
146.882
147.882
104.054
103.64
103.225
102.811
102.397
101.983
101.569
101.154
100.74
100.326
99.9117
99.4975
99.0833
98.6691
98.2549
97.8407
97.4264
97.0122
96.598
96.1838
95.7696
95.3554
94.9411
94.5269
94.1127
93.6985
93.2843
92.8701
92.4559
92.0416
91.6274
91.2132
90.799
84.4142
84
84
84
84
84
84
84
84
84
84
84
84
84
84
84.4142
84.8284
85.2426
85.6569
86.0711
123.64
124.054
124.468
125.468
126.468
127.468
128.468
129.468
130.468
131.468
132.468
133.468
134.468
135.468
136.468
137.468
138.468
139.468
140.468
141.468
142.468
143.468
144.468
145.468
146.468
147.468
103.468
103.054
102.64
102.225
101.811
101.397
100.983
100.569
100.154
99.7402
99.3259
98.9117
98.4975
98.0833
97.6691
97.2549
96.8407
96.4264
96.0122
95.598
95.1838
94.7696
94.3554
93.9411
93.5269
93.1127
92.6985
92.2843
91.8701
91.4559
91.0416
90.6274
90.2132
89.799
83.4142
83
83
83
83
83
83
83
83
83
83
83
83
83
83
83.4142
83.8284
84.2426
84.6569
85.0711
122.225
122.64
123.054
124.054
125.054
126.054
127.054
128.054
129.054
130.054
131.054
132.054
133.054
134.054
135.054
136.054
137.054
138.054
139.054
140.054
141.054
142.054
143.054
144.054
145.054
146.054
147.054
102.882
102.468
102.054
101.64
101.225
100.811
100.397
99.9828
99.5686
99.1544
98.7402
98.3259
97.9117
97.4975
97.0833
96.6691
96.2549
95.8407
95.4264
95.0122
94.598
94.1838
93.7696
93.3554
92.9411
92.5269
92.1127
91.6985
91.2843
90.8701
90.4559
90.0416
89.6274
89.2132
88.799
88.3848
82.4142
82
82
82
82
82
82
82
82
82
82
82
82
82
82
82.4142
82.8284
83.2426
83.6569
84.0711
84.4853
121.225
121.64
122.64
123.64
124.64
125.64
126.64
127.64
128.64
129.64
130.64
131.64
132.64
133.64
134.64
135.64
136.64
137.64
138.64
139.64
140.64
141.64
142.64
143.64
144.64
145.64
146.64
102.297
101.882
101.468
101.054
100.64
100.225
99.8112
99.397
98.9828
98.5686
98.1544
97.7402
97.3259
96.9117
96.4975
96.0833
95.6691
95.2549
94.8407
94.4264
94.0122
93.598
93.1838
92.7696
92.3554
91.9411
91.5269
91.1127
90.6985
90.2843
89.8701
89.4559
89.0416
88.6274
88.2132
87.799
87.3848
81.4142
81
81
81
81
81
81
81
81
81
81
81
81
81
81
81.4142
81.8284
82.2426
82.6569
83.0711
83.4853
119.811
120.225
121.225
122.225
123.225
124.225
125.225
126.225
127.225
128.225
129.225
130.225
131.225
132.225
133.225
134.225
135.225
136.225
137.225
138.225
139.225
140.225
141.225
142.225
143.225
144.225
145.225
146.225
101.711
101.297
100.882
100.468
100.054
99.6397
99.2254
98.8112
98.397
97.9828
97.5686
97.1544
96.7402
96.3259
95.9117
95.4975
95.0833
94.6691
94.2549
93.8407
93.4264
93.0122
92.598
92.1838
91.7696
91.3554
90.9411
90.5269
90.1127
89.6985
89.2843
88.8701
88.4559
88.0416
87.6274
87.2132
86.799
86.3848
80.4142
80
80
80
80
80
80
80
80
80
80
80
80
80
80
80.4142
80.8284
81.2426
81.6569
82.0711
82.4853
82.8995
118.397
118.811
119.811
120.811
121.811
122.811
123.811
124.811
125.811
126.811
127.811
128.811
129.811
130.811
131.811
132.811
133.811
134.811
135.811
136.811
137.811
138.811
139.811
140.811
141.811
142.811
143.811
144.811
145.811
102.125
101.125
100.711
100.297
99.8823
99.4681
99.0539
98.6397
98.2254
97.8112
97.397
96.9828
96.5686
96.1544
95.7402
95.3259
94.9117
94.4975
94.0833
93.6691
93.2549
92.8407
92.4264
92.0122
91.598
91.1838
90.7696
90.3554
89.9411
89.5269
89.1127
88.6985
88.2843
87.8701
87.4559
87.0416
86.6274
86.2132
85.799
85.3848
84.9706
79.4142
79
79
79
79
79
79
79
79
79
79
79
79
79
79
79.4142
79.8284
80.2426
80.6569
81.0711
81.4853
81.8995
116.983
117.397
118.397
119.397
120.397
121.397
122.397
123.397
124.397
125.397
126.397
127.397
128.397
129.397
130.397
131.397
132.397
133.397
134.397
135.397
136.397
137.397
138.397
139.397
140.397
141.397
142.397
143.397
144.397
145.397
103.711
102.711
101.711
100.711
99.7107
99.2965
98.8823
98.4681
98.0539
97.6397
97.2254
96.8112
96.397
95.9828
95.5686
95.1544
94.7402
94.3259
93.9117
93.4975
93.0833
92.6691
92.2549
91.8407
91.4264
91.0122
90.598
90.1838
89.7696
89.3554
88.9411
88.5269
88.1127
87.6985
87.2843
86.8701
86.4559
86.0416
85.6274
85.2132
84.799
84.3848
83.9706
78.4142
78
78
78
78
78
78
78
78
78
78
78
78
78
78
78.4142
78.8284
79.2426
79.6569
80.0711
80.4853
80.8995
81.3137
115.569
115.983
116.983
117.983
118.983
119.983
120.983
121.983
122.983
123.983
124.983
125.983
126.983
127.983
128.983
129.983
130.983
131.983
132.983
133.983
134.983
135.983
136.983
137.983
138.983
139.983
140.983
141.983
142.983
143.983
144.983
105.297
104.297
103.297
102.297
101.297
100.297
99.2965
98.2965
97.8823
97.4681
97.0539
96.6397
96.2254
95.8112
95.397
94.9828
94.5686
94.1544
93.7402
93.3259
92.9117
92.4975
92.0833
91.6691
91.2549
90.8407
90.4264
90.0122
89.598
89.1838
88.7696
88.3554
87.9411
87.5269
87.1127
86.6985
86.2843
85.8701
85.4559
85.0416
84.6274
84.2132
83.799
83.3848
82.9706
82.5564
77.4142
77
77
77
77
77
77
77
77
77
77
77
77
77
77
77.4142
77.8284
78.2426
78.6569
79.0711
79.4853
79.8995
80.3137
80.7279
114.569
115.569
116.569
117.569
118.569
119.569
120.569
121.569
122.569
123.569
124.569
125.569
126.569
127.569
128.569
129.569
130.569
131.569
132.569
133.569
134.569
135.569
136.569
137.569
138.569
139.569
140.569
141.569
142.569
143.569
144.569
107.882
106.882
105.882
104.882
103.882
102.882
101.882
100.882
99.8823
98.8823
97.8823
96.8823
96.4681
96.0539
95.6397
95.2254
94.8112
94.397
93.9828
93.5686
93.1544
92.7402
92.3259
91.9117
91.4975
91.0833
90.6691
90.2549
89.8407
89.4264
89.0122
88.598
88.1838
87.7696
87.3554
86.9411
86.5269
86.1127
85.6985
85.2843
84.8701
84.4559
84.0416
83.6274
83.2132
82.799
82.3848
81.9706
81.5564
76.8284
76.4142
76
76
76
76
76
76
76
76
76
76
76
76
76
76
76.4142
76.8284
77.2426
77.6569
78.0711
78.4853
78.8995
79.3137
79.7279
80.1422
112.154
113.154
114.154
115.154
116.154
117.154
118.154
119.154
120.154
121.154
122.154
123.154
124.154
125.154
126.154
127.154
128.154
129.154
130.154
131.154
132.154
133.154
134.154
135.154
136.154
137.154
138.154
139.154
140.154
141.154
142.154
143.154
144.154
110.468
109.468
108.468
107.468
106.468
105.468
104.468
103.468
102.468
101.468
100.468
99.4681
98.4681
97.4681
96.4681
95.4681
95.0539
94.6397
94.2254
93.8112
93.397
92.9828
92.5686
92.1544
91.7402
91.3259
90.9117
90.4975
90.0833
89.6691
89.2549
88.8407
88.4264
88.0122
87.598
87.1838
86.7696
86.3554
85.9411
85.5269
85.1127
84.6985
84.2843
83.8701
83.4559
83.0416
82.6274
82.2132
81.799
81.3848
80.9706
80.5564
75.8284
75.4142
75
75
75
75
75
75
75
75
75
75
75
75
75
75
75.4142
75.8284
76.2426
76.6569
77.0711
77.4853
77.8995
78.3137
78.7279
79.1422
79.5564
110.74
111.74
112.74
113.74
114.74
115.74
116.74
117.74
118.74
119.74
120.74
121.74
122.74
123.74
124.74
125.74
126.74
127.74
128.74
129.74
130.74
131.74
132.74
133.74
134.74
135.74
136.74
137.74
138.74
139.74
140.74
141.74
142.74
143.74
110.581
111.581
111.054
110.054
109.054
108.054
107.054
106.054
105.054
104.054
103.054
102.054
101.054
100.054
99.0539
98.0539
97.0539
96.0539
95.0539
94.0539
93.6397
93.2254
92.8112
92.397
91.9828
91.5686
91.1544
90.7402
90.3259
89.9117
89.4975
89.0833
88.6691
88.2549
87.8407
87.4264
87.0122
86.598
86.1838
85.7696
85.3554
84.9411
84.5269
84.1127
83.6985
83.2843
82.8701
82.4559
82.0416
81.6274
81.2132
80.799
80.3848
79.9706
79.5564
79.1421
74.8284
74.4142
74
74
74
74
74
74
74
74
74
74
74
74
74
74
74.4142
74.8284
75.2426
75.6569
76.0711
76.4853
76.8995
77.3137
77.7279
78.1422
78.5564
78.9706
109.326
110.326
111.326
112.326
113.326
114.326
115.326
116.326
117.326
118.326
119.326
120.326
121.326
122.326
123.326
124.326
125.326
126.326
127.326
128.326
129.326
130.326
131.326
132.326
133.326
134.326
135.326
136.326
137.326
138.326
139.326
140.326
141.326
142.326
143.326
105.167
106.167
107.167
108.167
109.167
110.167
111.167
110.64
109.64
108.64
107.64
106.64
105.64
104.64
103.64
102.64
101.64
100.64
99.6397
98.6397
97.6397
96.6397
95.6397
94.6397
93.6397
92.6397
92.2254
91.8112
91.397
90.9828
90.5686
90.1544
89.7402
89.3259
88.9117
88.4975
88.0833
87.6691
87.2549
86.8407
86.4264
86.0122
85.598
85.1838
84.7696
84.3554
83.9411
83.5269
83.1127
82.6985
82.2843
81.8701
81.4559
81.0416
80.6274
80.2132
79.799
79.3848
78.9706
78.5564
78.1421
73.8284
73.4142
73
73
73
73
73
73
73
73
73
73
73
73
73
73
73.4142
73.8284
74.2426
74.6569
75.0711
75.4853
75.8995
76.3137
76.7279
77.1422
77.5564
77.9706
78.3848
107.912
108.912
109.912
110.912
111.912
112.912
113.912
114.912
115.912
116.912
117.912
118.912
119.912
120.912
121.912
122.912
123.912
124.912
125.912
126.912
127.912
128.912
129.912
130.912
131.912
132.912
133.912
134.912
135.912
136.912
137.912
138.912
139.912
140.912
141.912
142.912
100.752
101.752
102.752
103.752
104.752
105.752
106.752
107.752
108.752
109.752
110.752
110.225
109.225
108.225
107.225
106.225
105.225
104.225
103.225
102.225
101.225
100.225
99.2254
98.2254
97.2254
96.2254
95.2254
94.2254
93.2254
92.2254
91.2254
90.8112
90.397
89.9828
89.5686
89.1544
88.7402
88.3259
87.9117
87.4975
87.0833
86.6691
86.2549
85.8407
85.4264
85.0122
84.598
84.1838
83.7696
83.3554
82.9411
82.5269
82.1127
81.6985
81.2843
80.8701
80.4559
80.0416
79.6274
79.2132
78.799
78.3848
77.9706
77.5564
77.1421
76.7279
72.8284
72.4142
72
72
72
72
72
72
72
72
72
72
72
72
72
72
72.4142
72.8284
73.2426
73.6569
74.0711
74.4853
74.8995
75.3137
75.7279
76.1422
76.5564
76.9706
77.3848
77.799
105.498
106.498
107.498
108.498
109.498
110.498
111.498
112.498
113.498
114.498
115.498
116.498
117.498
118.498
119.498
120.498
121.498
122.498
123.498
124.498
125.498
126.498
127.498
128.498
129.498
130.498
131.498
132.498
133.498
134.498
135.498
136.498
137.498
138.498
139.498
140.498
141.498
142.498
98.5097
98.9239
99.3382
100.338
101.338
102.338
103.338
104.338
105.338
106.338
107.338
108.338
109.338
110.338
109.811
108.811
107.811
106.811
105.811
104.811
103.811
102.811
101.811
100.811
99.8112
98.8112
97.8112
96.8112
95.8112
94.8112
93.8112
92.8112
91.8112
90.8112
89.8112
89.397
88.9828
88.5686
88.1544
87.7402
87.3259
86.9117
86.4975
86.0833
85.6691
85.2549
84.8407
84.4264
84.0122
83.598
83.1838
82.7696
82.3554
81.9411
81.5269
81.1127
80.6985
80.2843
79.8701
79.4559
79.0416
78.6274
78.2132
77.799
77.3848
76.9706
76.5564
76.1421
75.7279
71.8284
71.4142
71
71
71
71
71
71
71
71
71
71
71
71
71
71
71.4142
71.8284
72.2426
72.6569
73.0711
73.4853
73.8995
74.3137
74.7279
75.1422
75.5564
75.9706
76.3848
76.799
77.2132
77.6274
103.083
104.083
105.083
106.083
107.083
108.083
109.083
110.083
111.083
112.083
113.083
114.083
115.083
116.083
117.083
118.083
119.083
120.083
121.083
122.083
123.083
124.083
125.083
126.083
127.083
128.083
129.083
130.083
131.083
132.083
133.083
134.083
135.083
136.083
137.083
138.083
139.083
140.083
141.083
142.083
95.8529
96.2671
96.6813
97.0955
97.5097
97.9239
98.9239
99.9239
100.924
101.924
102.924
103.924
104.924
105.924
106.924
107.924
108.924
109.924
109.397
108.397
107.397
106.397
105.397
104.397
103.397
102.397
101.397
100.397
99.397
98.397
97.397
96.397
95.397
94.397
93.397
92.397
91.397
90.397
89.397
88.397
87.9828
87.5686
87.1544
86.7402
86.3259
85.9117
85.4975
85.0833
84.6691
84.2549
83.8407
83.4264
83.0122
82.598
82.1838
81.7696
81.3554
80.9411
80.5269
80.1127
79.6985
79.2843
78.8701
78.4559
78.0416
77.6274
77.2132
76.799
76.3848
75.9706
75.5564
75.1421
74.7279
74.3137
70.8284
70.4142
70
70
70
70
70
70
70
70
70
70
70
70
70
70
70.4142
70.8284
71.2426
71.6569
72.0711
72.4853
72.8995
73.3137
73.7279
74.1422
74.5564
74.9706
75.3848
75.799
76.2132
76.6274
77.0417
100.669
101.669
102.669
103.669
104.669
105.669
106.669
107.669
108.669
109.669
110.669
111.669
112.669
113.669
114.669
115.669
116.669
117.669
118.669
119.669
120.669
121.669
122.669
123.669
124.669
125.669
126.669
127.669
128.669
129.669
130.669
131.669
132.669
133.669
134.669
135.669
136.669
137.669
138.669
139.669
140.669
141.669
94.0244
94.4387
94.8529
95.2671
95.6813
96.0955
96.5097
97.5097
98.5097
99.5097
100.51
101.51
102.51
103.51
104.51
105.51
106.51
107.51
108.51
109.51
108.983
107.983
106.983
105.983
104.983
103.983
102.983
101.983
100.983
99.9828
98.9828
97.9828
96.9828
95.9828
94.9828
93.9828
92.9828
91.9828
90.9828
89.9828
88.9828
87.9828
86.9828
86.5686
86.1544
85.7402
85.3259
84.9117
84.4975
84.0833
83.6691
83.2549
82.8407
82.4264
82.0122
81.598
81.1838
80.7696
80.3554
79.9411
79.5269
79.1127
78.6985
78.2843
77.8701
77.4559
77.0416
76.6274
76.2132
75.799
75.3848
74.9706
74.5564
74.1421
73.7279
73.3137
69.8284
69.4142
69
69
69
69
69
69
69
69
69
69
69
69
69
69
69.4142
69.8284
70.2426
70.6569
71.0711
71.4853
71.8995
72.3137
72.7279
73.1422
73.5564
73.9706
74.3848
74.799
75.2132
75.6274
76.0417
76.4559
76.8701
77.2843
98.2549
99.2549
100.255
101.255
102.255
103.255
104.255
105.255
106.255
107.255
108.255
109.255
110.255
111.255
112.255
113.255
114.255
115.255
116.255
117.255
118.255
119.255
120.255
121.255
122.255
123.255
124.255
125.255
126.255
127.255
128.255
129.255
130.255
131.255
132.255
133.255
134.255
135.255
136.255
137.255
138.255
139.255
140.255
91.7818
92.196
92.6102
93.0244
93.4387
93.8529
94.2671
94.6813
95.0955
96.0955
97.0955
98.0955
99.0955
100.096
101.096
102.096
103.096
104.096
105.096
106.096
107.096
108.096
109.096
108.569
107.569
106.569
105.569
104.569
103.569
102.569
101.569
100.569
99.5686
98.5686
97.5686
96.5686
95.5686
94.5686
93.5686
92.5686
91.5686
90.5686
89.5686
88.5686
87.5686
86.5686
85.5686
85.1544
84.7402
84.3259
83.9117
83.4975
83.0833
82.6691
82.2549
81.8407
81.4264
81.0122
80.598
80.1838
79.7696
79.3554
78.9411
78.5269
78.1127
77.6985
77.2843
76.8701
76.4559
76.0416
75.6274
75.2132
74.799
74.3848
73.9706
73.5564
73.1421
72.7279
72.3137
71.8995
69.2426
68.8284
68.4142
68
68
68
68
68
68
68
68
68
68
68
68
68
68
68.4142
68.8284
69.2426
69.6569
70.0711
70.4853
70.8995
71.3137
71.7279
72.1422
72.5564
72.9706
73.3848
73.799
74.2132
74.6274
75.0417
75.4559
75.8701
76.2843
76.6985
77.1127
77.5269
93.8407
94.8407
95.8407
96.8407
97.8407
98.8407
99.8407
100.841
101.841
102.841
103.841
104.841
105.841
106.841
107.841
108.841
109.841
110.841
111.841
112.841
113.841
114.841
115.841
116.841
117.841
118.841
119.841
120.841
121.841
122.841
123.841
124.841
125.841
126.841
127.841
128.841
129.841
130.841
131.841
132.841
133.841
134.841
135.841
136.841
137.841
138.841
139.841
89.9534
90.3676
90.7818
91.196
91.6102
92.0244
92.4387
92.8529
93.2671
93.6813
94.6813
95.6813
96.6813
97.6813
98.6813
99.6813
100.681
101.681
102.681
103.681
104.681
105.681
106.681
107.681
108.681
108.154
107.154
106.154
105.154
104.154
103.154
102.154
101.154
100.154
99.1544
98.1544
97.1544
96.1544
95.1544
94.1544
93.1544
92.1544
91.1544
90.1544
89.1544
88.1544
87.1544
86.1544
85.1544
84.1544
83.7402
83.3259
82.9117
82.4975
82.0833
81.6691
81.2549
80.8407
80.4264
80.0122
79.598
79.1838
78.7696
78.3554
77.9411
77.5269
77.1127
76.6985
76.2843
75.8701
75.4559
75.0416
74.6274
74.2132
73.799
73.3848
72.9706
72.5564
72.1421
71.7279
71.3137
70.8995
68.2426
67.8284
67.4142
67
67
67
67
67
67
67
67
67
67
67
67
67
67
67.4142
67.8284
68.2426
68.6569
69.0711
69.4853
69.8995
70.3137
70.7279
71.1422
71.5564
71.9706
72.3848
72.799
73.2132
73.6274
74.0417
74.4559
74.8701
75.2843
75.6985
76.1127
76.5269
76.9412
77.3554
77.7696
78.1838
78.598
88.4265
89.4265
90.4265
91.4265
92.4265
93.4265
94.4265
95.4265
96.4265
97.4265
98.4265
99.4265
100.426
101.426
102.426
103.426
104.426
105.426
106.426
107.426
108.426
109.426
110.426
111.426
112.426
113.426
114.426
115.426
116.426
117.426
118.426
119.426
120.426
121.426
122.426
123.426
124.426
125.426
126.426
127.426
128.426
129.426
130.426
131.426
132.426
133.426
134.426
135.426
136.426
137.426
138.426
139.426
88.1249
88.5391
88.9534
89.3676
89.7818
90.196
90.6102
91.0244
91.4387
91.8529
92.2671
93.2671
94.2671
95.2671
96.2671
97.2671
98.2671
99.2671
100.267
101.267
102.267
103.267
104.267
105.267
106.267
107.267
108.267
107.74
106.74
105.74
104.74
103.74
102.74
101.74
100.74
99.7402
98.7402
97.7402
96.7402
95.7402
94.7402
93.7402
92.7402
91.7402
90.7402
89.7402
88.7402
87.7402
86.7402
85.7402
84.7402
83.7402
82.7402
82.3259
81.9117
81.4975
81.0833
80.6691
80.2549
79.8407
79.4264
79.0122
78.598
78.1838
77.7696
77.3554
76.9411
76.5269
76.1127
75.6985
75.2843
74.8701
74.4559
74.0416
73.6274
73.2132
72.799
72.3848
71.9706
71.5564
71.1421
70.7279
70.3137
69.8995
69.4853
67.2426
66.8284
66.4142
66
66
66
66
66
66
66
66
66
66
66
66
66
66
66.4142
66.8284
67.2426
67.6569
68.0711
68.4853
68.8995
69.3137
69.7279
70.1422
70.5564
70.9706
71.3848
71.799
72.2132
72.6274
73.0417
73.4559
73.8701
74.2843
74.6985
75.1127
75.5269
75.9412
76.3554
76.7696
77.1838
77.598
78.0122
79.0122
80.0122
81.0122
82.0122
83.0122
84.0122
85.0122
86.0122
87.0122
88.0122
89.0122
90.0122
91.0122
92.0122
93.0122
94.0122
95.0122
96.0122
97.0122
98.0122
99.0122
100.012
101.012
102.012
103.012
104.012
105.012
106.012
107.012
108.012
109.012
110.012
111.012
112.012
113.012
114.012
115.012
116.012
117.012
118.012
119.012
120.012
121.012
122.012
123.012
124.012
125.012
126.012
127.012
128.012
129.012
130.012
131.012
132.012
133.012
134.012
135.012
136.012
137.012
138.012
139.012
86.2965
86.7107
87.1249
87.5391
87.9534
88.3676
88.7818
89.196
89.6102
90.0244
90.4387
90.8529
91.8529
92.8529
93.8529
94.8529
95.8529
96.8529
97.8529
98.8529
99.8529
100.853
101.853
102.853
103.853
104.853
105.853
106.853
107.853
107.326
106.326
105.326
104.326
103.326
102.326
101.326
100.326
99.3259
98.3259
97.3259
96.3259
95.3259
94.3259
93.3259
92.3259
91.3259
90.3259
89.3259
88.3259
87.3259
86.3259
85.3259
84.3259
83.3259
82.3259
81.3259
80.9117
80.4975
80.0833
79.6691
79.2549
78.8407
78.4264
78.0122
77.598
77.1838
76.7696
76.3554
75.9411
75.5269
75.1127
74.6985
74.2843
73.8701
73.4559
73.0416
72.6274
72.2132
71.799
71.3848
70.9706
70.5564
70.1421
69.7279
69.3137
68.8995
68.4853
66.2426
65.8284
65.4142
65
65
65
65
65
65
65
65
65
65
65
65
65
65
65.4142
65.8284
66.2426
66.6569
67.0711
67.4853
67.8995
68.3137
68.7279
69.1422
69.5564
69.9706
70.3848
70.799
71.2132
71.6274
72.0417
72.4559
72.8701
73.2843
73.6985
74.1127
74.5269
74.9412
75.3554
75.7696
76.1838
76.598
77.598
78.598
79.598
80.598
81.598
82.598
83.598
84.598
85.598
86.598
87.598
88.598
89.598
90.598
91.598
92.598
93.598
94.598
95.598
96.598
97.598
98.598
99.598
100.598
101.598
102.598
103.598
104.598
105.598
106.598
107.598
108.598
109.598
110.598
111.598
112.598
113.598
114.598
115.598
116.598
117.598
118.598
119.598
120.598
121.598
122.598
123.598
124.598
125.598
126.598
127.598
128.598
129.598
130.598
131.598
132.598
133.598
134.598
135.598
136.598
137.598
84.4681
84.8823
85.2965
85.7107
86.1249
86.5391
86.9534
87.3676
87.7818
88.196
88.6102
89.0244
89.4387
90.4387
91.4387
92.4387
93.4387
94.4387
95.4387
96.4387
97.4387
98.4387
99.4387
100.439
101.439
102.439
103.439
104.439
105.439
106.439
107.439
106.912
105.912
104.912
103.912
102.912
101.912
100.912
99.9117
98.9117
97.9117
96.9117
95.9117
94.9117
93.9117
92.9117
91.9117
90.9117
89.9117
88.9117
87.9117
86.9117
85.9117
84.9117
83.9117
82.9117
81.9117
80.9117
79.9117
79.4975
79.0833
78.6691
78.2549
77.8407
77.4264
77.0122
76.598
76.1838
75.7696
75.3554
74.9411
74.5269
74.1127
73.6985
73.2843
72.8701
72.4559
72.0416
71.6274
71.2132
70.799
70.3848
69.9706
69.5564
69.1421
68.7279
68.3137
67.8995
67.4853
67.0711
65.2426
64.8284
64.4142
64
64
64
64
64
64
64
64
64
64
64
64
64
64
64.4142
64.8284
65.2426
65.6569
66.0711
66.4853
66.8995
67.3137
67.7279
68.1422
68.5564
68.9706
69.3848
69.799
70.2132
70.6274
71.0417
71.4559
71.8701
72.2843
72.6985
73.1127
73.5269
73.9412
74.3554
74.7696
75.1838
76.1838
77.1838
78.1838
79.1838
80.1838
81.1838
82.1838
83.1838
84.1838
85.1838
86.1838
87.1838
88.1838
89.1838
90.1838
91.1838
92.1838
93.1838
94.1838
95.1838
96.1838
97.1838
98.1838
99.1838
100.184
101.184
102.184
103.184
104.184
105.184
106.184
107.184
108.184
109.184
110.184
111.184
112.184
113.184
114.184
115.184
116.184
117.184
118.184
119.184
120.184
121.184
122.184
123.184
124.184
125.184
126.184
127.184
128.184
129.184
130.184
131.184
132.184
133.184
134.184
135.184
136.184
137.184
83.0539
83.4681
83.8823
84.2965
84.7107
85.1249
85.5391
85.9534
86.3676
86.7818
87.196
87.6102
88.0244
89.0244
90.0244
91.0244
92.0244
93.0244
94.0244
95.0244
96.0244
97.0244
98.0244
99.0244
100.024
101.024
102.024
103.024
104.024
105.024
106.024
107.024
106.498
105.498
104.498
103.498
102.498
101.498
100.498
99.4975
98.4975
97.4975
96.4975
95.4975
94.4975
93.4975
92.4975
91.4975
90.4975
89.4975
88.4975
87.4975
86.4975
85.4975
84.4975
83.4975
82.4975
81.4975
80.4975
79.4975
78.4975
78.0833
77.6691
77.2549
76.8407
76.4264
76.0122
75.598
75.1838
74.7696
74.3554
73.9411
73.5269
73.1127
72.6985
72.2843
71.8701
71.4559
71.0416
70.6274
70.2132
69.799
69.3848
68.9706
68.5564
68.1421
67.7279
67.3137
66.8995
66.4853
66.0711
64.6569
64.2426
63.8284
63.4142
63
63
63
63
63
63
63
63
63
63
63
63
63
63
63.4142
63.8284
64.2426
64.6569
65.0711
65.4853
65.8995
66.3137
66.7279
67.1422
67.5564
67.9706
68.3848
68.799
69.2132
69.6274
70.0417
70.4559
70.8701
71.2843
71.6985
72.1127
72.5269
72.9412
73.3554
73.7696
74.7696
75.7696
76.7696
77.7696
78.7696
79.7696
80.7696
81.7696
82.7696
83.7696
84.7696
85.7696
86.7696
87.7696
88.7696
89.7696
90.7696
91.7696
92.7696
93.7696
94.7696
95.7696
96.7696
97.7696
98.7696
99.7696
100.77
101.77
102.77
103.77
104.77
105.77
106.77
107.77
108.77
109.77
110.77
111.77
112.77
113.77
114.77
115.77
116.77
117.77
118.77
119.77
120.77
121.77
122.77
123.77
124.77
125.77
126.77
127.77
128.77
129.77
130.77
131.77
132.77
133.77
134.77
135.77
81.2254
81.6396
82.0539
82.4681
82.8823
83.2965
83.7107
84.1249
84.5391
84.9534
85.3676
85.7818
86.196
86.6102
87.6102
88.6102
89.6102
90.6102
91.6102
92.6102
93.6102
94.6102
95.6102
96.6102
97.6102
98.6102
99.6102
100.61
101.61
102.61
103.61
104.61
105.61
106.61
106.083
105.083
104.083
103.083
102.083
101.083
100.083
99.0833
98.0833
97.0833
96.0833
95.0833
94.0833
93.0833
92.0833
91.0833
90.0833
89.0833
88.0833
87.0833
86.0833
85.0833
84.0833
83.0833
82.0833
81.0833
80.0833
79.0833
78.0833
77.0833
76.6691
76.2549
75.8407
75.4264
75.0122
74.598
74.1838
73.7696
73.3554
72.9411
72.5269
72.1127
71.6985
71.2843
70.8701
70.4559
70.0416
69.6274
69.2132
68.799
68.3848
67.9706
67.5564
67.1421
66.7279
66.3137
65.8995
65.4853
65.0711
64.6569
63.6569
63.2426
62.8284
62.4142
62
62
62
62
62
62
62
62
62
62
62
62
62
62
62.4142
62.8284
63.2426
63.6569
64.0711
64.4853
64.8995
65.3137
65.7279
66.1422
66.5564
66.9706
67.3848
67.799
68.2132
68.6274
69.0417
69.4559
69.8701
70.2843
70.6985
71.1127
71.5269
71.9412
72.3554
73.3554
74.3554
75.3554
76.3554
77.3554
78.3554
79.3554
80.3554
81.3554
82.3554
83.3554
84.3554
85.3554
86.3554
87.3554
88.3554
89.3554
90.3554
91.3554
92.3554
93.3554
94.3554
95.3554
96.3554
97.3554
98.3554
99.3554
100.355
101.355
102.355
103.355
104.355
105.355
106.355
107.355
108.355
109.355
110.355
111.355
112.355
113.355
114.355
115.355
116.355
117.355
118.355
119.355
120.355
121.355
122.355
123.355
124.355
125.355
126.355
127.355
128.355
129.355
130.355
131.355
132.355
133.355
134.355
135.355
79.397
79.8112
80.2254
80.6396
81.0539
81.4681
81.8823
82.2965
82.7107
83.1249
83.5391
83.9534
84.3676
84.7818
85.196
86.196
87.196
88.196
89.196
90.196
91.196
92.196
93.196
94.196
95.196
96.196
97.196
98.196
99.196
100.196
101.196
102.196
103.196
104.196
105.196
106.196
105.669
104.669
103.669
102.669
101.669
100.669
99.6691
98.6691
97.6691
96.6691
95.6691
94.6691
93.6691
92.6691
91.6691
90.6691
89.6691
88.6691
87.6691
86.6691
85.6691
84.6691
83.6691
82.6691
81.6691
80.6691
79.6691
78.6691
77.6691
76.6691
75.6691
75.2549
74.8407
74.4264
74.0122
73.598
73.1838
72.7696
72.3554
71.9411
71.5269
71.1127
70.6985
70.2843
69.8701
69.4559
69.0416
68.6274
68.2132
67.799
67.3848
66.9706
66.5564
66.1421
65.7279
65.3137
64.8995
64.4853
64.0711
63.6569
63.2426
62.6569
62.2426
61.8284
61.4142
61
61
61
61
61
61
61
61
61
61
61
61
61
61
61.4142
61.8284
62.2426
62.6569
63.0711
63.4853
63.8995
64.3137
64.7279
65.1422
65.5564
65.9706
66.3848
66.799
67.2132
67.6274
68.0417
68.4559
68.8701
69.2843
69.6985
70.1127
70.5269
70.9412
71.9412
72.9412
73.9412
74.9412
75.9412
76.9412
77.9412
78.9412
79.9412
80.9412
81.9412
82.9412
83.9412
84.9412
85.9412
86.9412
87.9412
88.9412
89.9412
90.9412
91.9412
92.9412
93.9412
94.9412
95.9412
96.9412
97.9412
98.9412
99.9412
100.941
101.941
102.941
103.941
104.941
105.941
106.941
107.941
108.941
109.941
110.941
111.941
112.941
113.941
114.941
115.941
116.941
117.941
118.941
119.941
120.941
121.941
122.941
123.941
124.941
125.941
126.941
127.941
128.941
129.941
130.941
131.941
132.941
133.941
77.9828
78.397
78.8112
79.2254
79.6396
80.0539
80.4681
80.8823
81.2965
81.7107
82.1249
82.5391
82.9534
83.3676
83.7818
84.7818
85.7818
86.7818
87.7818
88.7818
89.7818
90.7818
91.7818
92.7818
93.7818
94.7818
95.7818
96.7818
97.7818
98.7818
99.7818
100.782
101.782
102.782
103.782
104.782
105.782
105.255
104.255
103.255
102.255
101.255
100.255
99.2549
98.2549
97.2549
96.2549
95.2549
94.2549
93.2549
92.2549
91.2549
90.2549
89.2549
88.2549
87.2549
86.2549
85.2549
84.2549
83.2549
82.2549
81.2549
80.2549
79.2549
78.2549
77.2549
76.2549
75.2549
74.2549
73.8407
73.4264
73.0122
72.598
72.1838
71.7696
71.3554
70.9411
70.5269
70.1127
69.6985
69.2843
68.8701
68.4559
68.0416
67.6274
67.2132
66.799
66.3848
65.9706
65.5564
65.1421
64.7279
64.3137
63.8995
63.4853
63.0711
62.6569
62.2426
62.0711
61.6569
61.2426
60.8284
60.4142
60
60
60
60
60
60
60
60
60
60
60
60
60
60
60.4142
60.8284
61.2426
61.6569
62.0711
62.4853
62.8995
63.3137
63.7279
64.1422
64.5564
64.9706
65.3848
65.799
66.2132
66.6274
67.0417
67.4559
67.8701
68.2843
68.6985
69.1127
69.5269
70.5269
71.5269
72.5269
73.5269
74.5269
75.5269
76.5269
77.5269
78.5269
79.5269
80.5269
81.5269
82.5269
83.5269
84.5269
85.5269
86.5269
87.5269
88.5269
89.5269
90.5269
91.5269
92.5269
93.5269
94.5269
95.5269
96.5269
97.5269
98.5269
99.5269
100.527
101.527
102.527
103.527
104.527
105.527
106.527
107.527
108.527
109.527
110.527
111.527
112.527
113.527
114.527
115.527
116.527
117.527
118.527
119.527
120.527
121.527
122.527
123.527
124.527
125.527
126.527
127.527
128.527
129.527
130.527
131.527
132.527
133.527
76.1544
76.5686
76.9828
77.397
77.8112
78.2254
78.6396
79.0539
79.4681
79.8823
80.2965
80.7107
81.1249
81.5391
81.9534
82.3676
83.3676
84.3676
85.3676
86.3676
87.3676
88.3676
89.3676
90.3676
91.3676
92.3676
93.3676
94.3676
95.3676
96.3676
97.3676
98.3676
99.3676
100.368
101.368
102.368
103.368
104.368
105.368
104.841
103.841
102.841
101.841
100.841
99.8407
98.8407
97.8407
96.8407
95.8407
94.8407
93.8407
92.8407
91.8407
90.8407
89.8407
88.8407
87.8407
86.8407
85.8407
84.8407
83.8407
82.8407
81.8407
80.8407
79.8407
78.8407
77.8407
76.8407
75.8407
74.8407
73.8407
72.8407
72.4264
72.0122
71.598
71.1838
70.7696
70.3554
69.9411
69.5269
69.1127
68.6985
68.2843
67.8701
67.4559
67.0416
66.6274
66.2132
65.799
65.3848
64.9706
64.5564
64.1421
63.7279
63.3137
62.8995
62.4853
62.0711
61.6569
61.2426
60.8284
61.0711
60.6569
60.2426
59.8284
59.4142
59
59
59
59
59
59
59
59
59
59
59
59
59
59
59.4142
59.8284
60.2426
60.6569
61.0711
61.4853
61.8995
62.3137
62.7279
63.1422
63.5564
63.9706
64.3848
64.799
65.2132
65.6274
66.0417
66.4559
66.8701
67.2843
67.6985
68.1127
69.1127
70.1127
71.1127
72.1127
73.1127
74.1127
75.1127
76.1127
77.1127
78.1127
79.1127
80.1127
81.1127
82.1127
83.1127
84.1127
85.1127
86.1127
87.1127
88.1127
89.1127
90.1127
91.1127
92.1127
93.1127
94.1127
95.1127
96.1127
97.1127
98.1127
99.1127
100.113
101.113
102.113
103.113
104.113
105.113
106.113
107.113
108.113
109.113
110.113
111.113
112.113
113.113
114.113
115.113
116.113
117.113
118.113
119.113
120.113
121.113
122.113
123.113
124.113
125.113
126.113
127.113
128.113
129.113
130.113
131.113
132.113
74.7401
75.1544
75.5686
75.9828
76.397
76.8112
77.2254
77.6396
78.0539
78.4681
78.8823
79.2965
79.7107
80.1249
80.5391
80.9534
81.9534
82.9534
83.9534
84.9534
85.9534
86.9534
87.9534
88.9534
89.9534
90.9534
91.9534
92.9534
93.9534
94.9534
95.9534
96.9534
97.9534
98.9534
99.9534
100.953
101.953
102.953
103.953
104.953
104.426
103.426
102.426
101.426
100.426
99.4264
98.4264
97.4264
96.4264
95.4264
94.4264
93.4264
92.4264
91.4264
90.4264
89.4264
88.4264
87.4264
86.4264
85.4264
84.4264
83.4264
82.4264
81.4264
80.4264
79.4264
78.4264
77.4264
76.4264
75.4264
74.4264
73.4264
72.4264
71.4264
71.0122
70.598
70.1838
69.7696
69.3554
68.9411
68.5269
68.1127
67.6985
67.2843
66.8701
66.4559
66.0416
65.6274
65.2132
64.799
64.3848
63.9706
63.5564
63.1421
62.7279
62.3137
61.8995
61.4853
61.0711
60.6569
60.2426
59.8284
59.4142
60.0711
59.6569
59.2426
58.8284
58.4142
58
58
58
58
58
58
58
58
58
58
58
58
58
58
58.4142
58.8284
59.2426
59.6569
60.0711
60.4853
60.8995
61.3137
61.7279
62.1422
62.5564
62.9706
63.3848
63.799
64.2132
64.6274
65.0417
65.4559
65.8701
66.2843
66.6985
67.6985
68.6985
69.6985
70.6985
71.6985
72.6985
73.6985
74.6985
75.6985
76.6985
77.6985
78.6985
79.6985
80.6985
81.6985
82.6985
83.6985
84.6985
85.6985
86.6985
87.6985
88.6985
89.6985
90.6985
91.6985
92.6985
93.6985
94.6985
95.6985
96.6985
97.6985
98.6985
99.6985
100.699
101.699
102.699
103.699
104.699
105.699
106.699
107.699
108.699
109.699
110.699
111.699
112.699
113.699
114.699
115.699
116.699
117.699
118.699
119.699
120.699
121.699
122.699
123.699
124.699
125.699
126.699
127.699
128.699
129.699
130.699
72.9117
73.3259
73.7401
74.1544
74.5686
74.9828
75.397
75.8112
76.2254
76.6396
77.0539
77.4681
77.8823
78.2965
78.7107
79.1249
79.5391
80.5391
81.5391
82.5391
83.5391
84.5391
85.5391
86.5391
87.5391
88.5391
89.5391
90.5391
91.5391
92.5391
93.5391
94.5391
95.5391
96.5391
97.5391
98.5391
99.5391
100.539
101.539
102.539
103.539
104.539
104.012
103.012
102.012
101.012
100.012
99.0122
98.0122
97.0122
96.0122
95.0122
94.0122
93.0122
92.0122
91.0122
90.0122
89.0122
88.0122
87.0122
86.0122
85.0122
84.0122
83.0122
82.0122
81.0122
80.0122
79.0122
78.0122
77.0122
76.0122
75.0122
74.0122
73.0122
72.0122
71.0122
70.0122
69.598
69.1838
68.7696
68.3554
67.9411
67.5269
67.1127
66.6985
66.2843
65.8701
65.4559
65.0416
64.6274
64.2132
63.799
63.3848
62.9706
62.5564
62.1421
61.7279
61.3137
60.8995
60.4853
60.0711
59.6569
59.2426
58.8284
58.4142
59.4853
59.0711
58.6569
58.2426
57.8284
57.4142
57
57
57
57
57
57
57
57
57
57
57
57
57
57
57.4142
57.8284
58.2426
58.6569
59.0711
59.4853
59.8995
60.3137
60.7279
61.1422
61.5564
61.9706
62.3848
62.799
63.2132
63.6274
64.0417
64.4559
64.8701
65.2843
66.2843
67.2843
68.2843
69.2843
70.2843
71.2843
72.2843
73.2843
74.2843
75.2843
76.2843
77.2843
78.2843
79.2843
80.2843
81.2843
82.2843
83.2843
84.2843
85.2843
86.2843
87.2843
88.2843
89.2843
90.2843
91.2843
92.2843
93.2843
94.2843
95.2843
96.2843
97.2843
98.2843
99.2843
100.284
101.284
102.284
103.284
104.284
105.284
106.284
107.284
108.284
109.284
110.284
111.284
112.284
113.284
114.284
115.284
116.284
117.284
118.284
119.284
120.284
121.284
122.284
123.284
124.284
125.284
126.284
127.284
128.284
129.284
130.284
71.0833
71.4975
71.9117
72.3259
72.7401
73.1544
73.5686
73.9828
74.397
74.8112
75.2254
75.6396
76.0539
76.4681
76.8823
77.2965
77.7107
78.1249
79.1249
80.1249
81.1249
82.1249
83.1249
84.1249
85.1249
86.1249
87.1249
88.1249
89.1249
90.1249
91.1249
92.1249
93.1249
94.1249
95.1249
96.1249
97.1249
98.1249
99.1249
100.125
101.125
102.125
103.125
104.125
103.598
102.598
101.598
100.598
99.598
98.598
97.598
96.598
95.598
94.598
93.598
92.598
91.598
90.598
89.598
88.598
87.598
86.598
85.598
84.598
83.598
82.598
81.598
80.598
79.598
78.598
77.598
76.598
75.598
74.598
73.598
72.598
71.598
70.598
69.598
68.598
68.1838
67.7696
67.3554
66.9411
66.5269
66.1127
65.6985
65.2843
64.8701
64.4559
64.0416
63.6274
63.2132
62.799
62.3848
61.9706
61.5564
61.1421
60.7279
60.3137
59.8995
59.4853
59.0711
58.6569
58.2426
57.8284
57.4142
57
58.4853
58.0711
57.6569
57.2426
56.8284
56.4142
56
56
56
56
56
56
56
56
56
56
56
56
56
56
56.4142
56.8284
57.2426
57.6569
58.0711
58.4853
58.8995
59.3137
59.7279
60.1422
60.5564
60.9706
61.3848
61.799
62.2132
62.6274
63.0417
63.4559
63.8701
64.8701
65.8701
66.8701
67.8701
68.8701
69.8701
70.8701
71.8701
72.8701
73.8701
74.8701
75.8701
76.8701
77.8701
78.8701
79.8701
80.8701
81.8701
82.8701
83.8701
84.8701
85.8701
86.8701
87.8701
88.8701
89.8701
90.8701
91.8701
92.8701
93.8701
94.8701
95.8701
96.8701
97.8701
98.8701
99.8701
100.87
101.87
102.87
103.87
104.87
105.87
106.87
107.87
108.87
109.87
110.87
111.87
112.87
113.87
114.87
115.87
116.87
117.87
118.87
119.87
120.87
121.87
122.87
123.87
124.87
125.87
126.87
127.87
128.87
69.6691
70.0833
70.4975
70.9117
71.3259
71.7401
72.1544
72.5686
72.9828
73.397
73.8112
74.2254
74.6396
75.0539
75.4681
75.8823
76.2965
76.7107
77.7107
78.7107
79.7107
80.7107
81.7107
82.7107
83.7107
84.7107
85.7107
86.7107
87.7107
88.7107
89.7107
90.7107
91.7107
92.7107
93.7107
94.7107
95.7107
96.7107
97.7107
98.7107
99.7107
100.711
101.711
102.711
103.711
104.012
103.012
102.012
101.012
100.012
99.0122
98.0122
97.0122
96.0122
95.0122
94.0122
93.0122
92.0122
91.0122
90.0122
89.0122
88.0122
87.0122
86.0122
85.0122
84.0122
79.1838
78.1838
77.1838
76.1838
75.1838
74.1838
73.1838
72.1838
71.1838
70.1838
69.1838
68.1838
67.1838
66.7696
66.3554
65.9411
65.5269
65.1127
64.6985
64.2843
63.8701
63.4559
63.0416
62.6274
62.2132
61.799
61.3848
60.9706
60.5564
60.1421
59.7279
59.3137
58.8995
58.4853
58.0711
57.6569
57.2426
56.8284
56.4142
56
56
57.4853
57.0711
56.6569
56.2426
55.8284
55.4142
55
55
55
55
55
55
55
55
55
55
55
55
55
55
55.4142
55.8284
56.2426
56.6569
57.0711
57.4853
57.8995
58.3137
58.7279
59.1422
59.5564
59.9706
60.3848
60.799
61.2132
61.6274
62.0417
62.4559
63.4559
64.4559
65.4559
66.4559
67.4559
68.4559
69.4559
70.4559
71.4559
72.4559
73.4559
74.4559
75.4559
76.4559
77.4559
78.4559
79.4559
80.4559
81.4559
82.4559
83.4559
84.4559
85.4559
86.4559
87.4559
88.4559
89.4559
90.4559
91.4559
92.4559
93.4559
94.4559
95.4559
96.4559
97.4559
98.4559
99.4559
100.456
101.456
102.456
103.456
104.456
105.456
106.456
107.456
108.456
109.456
110.456
111.456
112.456
113.456
114.456
115.456
116.456
117.456
118.456
119.456
120.456
121.456
122.456
123.456
124.456
125.456
126.456
127.456
67.8406
68.2548
68.6691
69.0833
69.4975
69.9117
70.3259
70.7401
71.1544
71.5686
71.9828
72.397
72.8112
73.2254
73.6396
74.0539
74.4681
74.8823
75.2965
76.2965
77.2965
78.2965
79.2965
80.2965
81.2965
82.2965
83.2965
84.2965
85.2965
86.2965
87.2965
88.2965
89.2965
90.2965
91.2965
92.2965
93.2965
94.2965
95.2965
96.2965
97.2965
98.2965
99.2965
100.297
101.297
102.297
103.297
104.297
103.426
102.426
101.426
100.426
99.4264
98.4264
97.4264
96.4264
95.4264
94.4264
93.4264
92.4264
91.4264
71.7696
70.7696
69.7696
68.7696
67.7696
66.7696
65.7696
65.3554
64.9411
64.5269
64.1127
63.6985
63.2843
62.8701
62.4559
62.0416
61.6274
61.2132
60.799
60.3848
59.9706
59.5564
59.1421
58.7279
58.3137
57.8995
57.4853
57.0711
56.6569
56.2426
55.8284
55.4142
55
55
56.8995
56.4853
56.0711
55.6569
55.2426
54.8284
54.4142
54
54
54
54
54
54
54
54
54
54
54
54
54
54
54.4142
54.8284
55.2426
55.6569
56.0711
56.4853
56.8995
57.3137
57.7279
58.1422
58.5564
58.9706
59.3848
59.799
60.2132
60.6274
61.0417
62.0417
63.0417
64.0417
65.0417
66.0417
67.0417
68.0417
69.0417
70.0417
71.0417
72.0417
73.0417
74.0417
75.0417
76.0417
77.0417
78.0417
79.0417
80.0417
81.0417
82.0417
83.0417
84.0417
85.0417
86.0417
87.0417
88.0417
89.0417
90.0417
91.0417
92.0417
93.0417
94.0417
95.0417
96.0417
97.0417
98.0417
99.0417
100.042
101.042
102.042
103.042
104.042
105.042
106.042
107.042
108.042
109.042
110.042
111.042
112.042
113.042
114.042
115.042
116.042
117.042
118.042
119.042
120.042
121.042
122.042
123.042
124.042
125.042
126.042
66.0122
66.4264
66.8406
67.2548
67.6691
68.0833
68.4975
68.9117
69.3259
69.7401
70.1544
70.5686
70.9828
71.397
71.8112
72.2254
72.6396
73.0539
73.4681
73.8823
74.8823
75.8823
76.8823
77.8823
78.8823
79.8823
80.8823
81.8823
82.8823
83.8823
84.8823
85.8823
86.8823
87.8823
88.8823
89.8823
90.8823
91.8823
92.8823
93.8823
94.8823
95.8823
96.8823
97.8823
98.8823
99.8823
100.882
101.882
102.882
103.882
103.841
102.841
101.841
100.841
99.8407
98.8407
97.8407
96.8407
95.8407
68.3554
67.3554
66.3554
65.3554
64.3554
63.9412
63.5269
63.1127
62.6985
62.2843
61.8701
61.4559
61.0416
60.6274
60.2132
59.799
59.3848
58.9706
58.5564
58.1421
57.7279
57.3137
56.8995
56.4853
56.0711
55.6569
55.2426
54.8284
54.4142
54
54
54
55.8995
55.4853
55.0711
54.6569
54.2426
53.8284
53.4142
53
53
53
53
53
53
53
53
53
53
53
53
53
53
53.4142
53.8284
54.2426
54.6569
55.0711
55.4853
55.8995
56.3137
56.7279
57.1422
57.5564
57.9706
58.3848
58.799
59.2132
59.6274
60.6274
61.6274
62.6274
63.6274
64.6274
65.6274
66.6274
67.6274
68.6274
69.6274
70.6274
71.6274
72.6274
73.6274
74.6274
75.6274
76.6274
77.6274
78.6274
79.6274
80.6274
81.6274
82.6274
83.6274
84.6274
85.6274
86.6274
87.6274
88.6274
89.6274
90.6274
91.6274
92.6274
93.6274
94.6274
95.6274
96.6274
97.6274
98.6274
99.6274
100.627
101.627
102.627
103.627
104.627
105.627
106.627
107.627
108.627
109.627
110.627
111.627
112.627
113.627
114.627
115.627
116.627
117.627
118.627
119.627
120.627
121.627
122.627
123.627
124.627
64.598
65.0122
65.4264
65.8406
66.2548
66.6691
67.0833
67.4975
67.9117
68.3259
68.7401
69.1544
69.5686
69.9828
70.397
70.8112
71.2254
71.6396
72.0539
72.4681
73.4681
74.4681
75.4681
76.4681
77.4681
78.4681
79.4681
80.4681
81.4681
82.4681
83.4681
84.4681
85.4681
86.4681
87.4681
88.4681
89.4681
90.4681
91.4681
92.4681
93.4681
94.4681
95.4681
96.4681
97.4681
98.4681
99.4681
100.468
101.468
102.468
103.468
104.255
103.255
102.255
101.255
100.255
99.2549
65.9411
64.9411
63.9412
62.9412
62.5269
62.1127
61.6985
61.2843
60.8701
60.4559
60.0416
59.6274
59.2132
58.799
58.3848
57.9706
57.5564
57.1421
56.7279
56.3137
55.8995
55.4853
55.0711
54.6569
54.2426
53.8284
53.4142
53
53
53
53
55.3137
54.8995
54.4853
54.0711
53.6569
53.2426
52.8284
52.4142
52
52
52
52
52
52
52
52
52
52
52
52
52
52
52.4142
52.8284
53.2426
53.6569
54.0711
54.4853
54.8995
55.3137
55.7279
56.1422
56.5564
56.9706
57.3848
57.799
58.2132
59.2132
60.2132
61.2132
62.2132
63.2132
64.2132
65.2132
66.2132
67.2132
68.2132
69.2132
70.2132
71.2132
72.2132
73.2132
74.2132
75.2132
76.2132
77.2132
78.2132
79.2132
80.2132
81.2132
82.2132
83.2132
84.2132
85.2132
86.2132
87.2132
88.2132
89.2132
90.2132
91.2132
92.2132
93.2132
94.2132
95.2132
96.2132
97.2132
98.2132
99.2132
100.213
101.213
102.213
103.213
104.213
105.213
106.213
107.213
108.213
109.213
110.213
111.213
112.213
113.213
114.213
115.213
116.213
117.213
118.213
119.213
120.213
121.213
122.213
62.7696
63.1838
63.598
64.0122
64.4264
64.8406
65.2548
65.6691
66.0833
66.4975
66.9117
67.3259
67.7401
68.1544
68.5686
68.9828
69.397
69.8112
70.2254
70.6396
71.0539
72.0539
73.0539
74.0539
75.0539
76.0539
77.0539
78.0539
79.0539
80.0539
81.0539
82.0539
83.0539
84.0539
85.0539
86.0539
87.0539
88.0539
89.0539
90.0539
91.0539
92.0539
93.0539
94.0539
95.0539
96.0539
97.0539
98.0539
99.0539
100.054
101.054
102.054
103.054
104.054
103.669
102.669
63.5269
62.5269
61.5269
61.1127
60.6985
60.2843
59.8701
59.4559
59.0416
58.6274
58.2132
57.799
57.3848
56.9706
56.5564
56.1421
55.7279
55.3137
54.8995
54.4853
54.0711
53.6569
53.2426
52.8284
52.4142
52
52
52
52
52
54.3137
53.8995
53.4853
53.0711
52.6569
52.2426
51.8284
51.4142
51
51
51
51
51
51
51
51
51
51
51
51
51
51
51.4142
51.8284
52.2426
52.6569
53.0711
53.4853
53.8995
54.3137
54.7279
55.1422
55.5564
55.9706
56.3848
56.799
57.799
58.799
59.799
60.799
61.799
62.799
63.799
64.799
65.799
66.799
67.799
68.799
69.799
70.799
71.799
72.799
73.799
74.799
75.799
76.799
77.799
78.799
79.799
80.799
81.799
82.799
83.799
84.799
85.799
86.799
87.799
88.799
89.799
90.799
91.799
92.799
93.799
94.799
95.799
96.799
97.799
98.799
99.799
100.799
101.799
102.799
103.799
104.799
105.799
106.799
107.799
108.799
109.799
110.799
111.799
112.799
113.799
114.799
115.799
116.799
117.799
118.799
119.799
120.799
60.9411
61.3553
61.7696
62.1838
62.598
63.0122
63.4264
63.8406
64.2548
64.6691
65.0833
65.4975
65.9117
66.3259
66.7401
67.1544
67.5686
67.9828
68.397
68.8112
69.2254
69.6396
70.6396
71.6396
72.6396
73.6396
74.6396
75.6396
76.6396
77.6396
78.6396
79.6396
80.6396
81.6396
82.6396
83.6396
84.6396
85.6396
86.6396
87.6396
88.6396
89.6396
90.6396
91.6396
92.6396
93.6396
94.6396
95.6396
96.6396
97.6396
98.6396
99.6396
100.64
101.64
102.64
103.64
61.1127
60.1127
59.6985
59.2843
58.8701
58.4559
58.0416
57.6274
57.2132
56.799
56.3848
55.9706
55.5564
55.1421
54.7279
54.3137
53.8995
53.4853
53.0711
52.6569
52.2426
51.8284
51.4142
51
51
51
51
51
53.7279
53.3137
52.8995
52.4853
52.0711
51.6569
51.2426
50.8284
50.4142
50
50
50
50
50
50
50
50
50
50
50
50
50
50
50.4142
50.8284
51.2426
51.6569
52.0711
52.4853
52.8995
53.3137
53.7279
54.1422
54.5564
54.9706
55.3848
56.3848
57.3848
58.3848
59.3848
60.3848
61.3848
62.3848
63.3848
64.3848
65.3848
66.3848
67.3848
68.3848
69.3848
70.3848
71.3848
72.3848
73.3848
74.3848
75.3848
76.3848
77.3848
78.3848
79.3848
80.3848
81.3848
82.3848
83.3848
84.3848
85.3848
86.3848
87.3848
88.3848
89.3848
90.3848
91.3848
92.3848
93.3848
94.3848
95.3848
96.3848
97.3848
98.3848
99.3848
100.385
101.385
102.385
103.385
104.385
105.385
106.385
107.385
108.385
109.385
110.385
111.385
112.385
113.385
114.385
115.385
116.385
117.385
118.385
59.1127
59.5269
59.9411
60.3553
60.7696
61.1838
61.598
62.0122
62.4264
62.8406
63.2548
63.6691
64.0833
64.4975
64.9117
65.3259
65.7401
66.1544
66.5686
66.9828
67.397
67.8112
68.2254
69.2254
70.2254
71.2254
72.2254
73.2254
74.2254
75.2254
76.2254
77.2254
78.2254
79.2254
80.2254
81.2254
82.2254
83.2254
84.2254
85.2254
86.2254
87.2254
88.2254
89.2254
90.2254
91.2254
92.2254
93.2254
94.2254
95.2254
96.2254
97.2254
98.2254
99.2254
100.225
101.225
59.6985
58.6985
58.2843
57.8701
57.4559
57.0416
56.6274
56.2132
55.799
55.3848
54.9706
54.5564
54.1421
53.7279
53.3137
52.8995
52.4853
52.0711
51.6569
51.2426
50.8284
50.4142
50
50
50
50
50
50
53.1421
52.7279
52.3137
51.8995
51.4853
51.0711
50.6569
50.2426
49.8284
49.4142
49
49
49
49
49
49
49
49
49
49
49
49
49
49
49.4142
49.8284
50.2426
50.6569
51.0711
51.4853
51.8995
52.3137
52.7279
53.1422
53.5564
53.9706
54.9706
55.9706
56.9706
57.9706
58.9706
59.9706
60.9706
61.9706
62.9706
63.9706
64.9706
65.9706
66.9706
67.9706
68.9706
69.9706
70.9706
71.9706
72.9706
73.9706
74.9706
75.9706
76.9706
77.9706
78.9706
79.9706
80.9706
81.9706
82.9706
83.9706
84.9706
85.9706
86.9706
87.9706
88.9706
89.9706
90.9706
91.9706
92.9706
93.9706
94.9706
95.9706
96.9706
97.9706
98.9706
99.9706
100.971
101.971
102.971
103.971
104.971
105.971
106.971
107.971
108.971
109.971
110.971
111.971
112.971
113.971
114.971
115.971
116.971
57.2843
57.6985
58.1127
58.5269
58.9411
59.3553
59.7696
60.1838
60.598
61.0122
61.4264
61.8406
62.2548
62.6691
63.0833
63.4975
63.9117
64.3259
64.7401
65.1544
65.5686
65.9828
66.397
66.8112
67.8112
68.8112
69.8112
70.8112
71.8112
72.8112
73.8112
74.8112
75.8112
76.8112
77.8112
78.8112
79.8112
80.8112
81.8112
82.8112
83.8112
84.8112
85.8112
86.8112
87.8112
88.8112
89.8112
90.8112
91.8112
92.8112
93.8112
94.8112
95.8112
96.8112
97.8112
57.2843
56.8701
56.4559
56.0416
55.6274
55.2132
54.799
54.3848
53.9706
53.5564
53.1421
52.7279
52.3137
51.8995
51.4853
51.0711
50.6569
50.2426
49.8284
49.4142
49
49
49
49
49
49
49
52.1421
51.7279
51.3137
50.8995
50.4853
50.0711
49.6569
49.2426
48.8284
48.4142
48
48
48
48
48
48
48
48
48
48
48
48
48
48
48.4142
48.8284
49.2426
49.6569
50.0711
50.4853
50.8995
51.3137
51.7279
52.1422
52.5564
53.5564
54.5564
55.5564
56.5564
57.5564
58.5564
59.5564
60.5564
61.5564
62.5564
63.5564
64.5564
65.5564
66.5564
67.5564
68.5564
69.5564
70.5564
71.5564
72.5564
73.5564
74.5564
75.5564
76.5564
77.5564
78.5564
79.5564
80.5564
81.5564
82.5564
83.5564
84.5564
85.5564
86.5564
87.5564
88.5564
89.5564
90.5564
91.5564
92.5564
93.5564
94.5564
95.5564
96.5564
97.5564
98.5564
99.5564
100.556
101.556
102.556
103.556
104.556
105.556
106.556
107.556
108.556
109.556
110.556
111.556
112.556
113.556
114.556
55.4558
55.8701
56.2843
56.6985
57.1127
57.5269
57.9411
58.3553
58.7696
59.1838
59.598
60.0122
60.4264
60.8406
61.2548
61.6691
62.0833
62.4975
62.9117
63.3259
63.7401
64.1544
64.5686
64.9828
65.397
66.397
67.397
68.397
69.397
70.397
71.397
72.397
73.397
74.397
75.397
76.397
77.397
78.397
79.397
80.397
81.397
82.397
83.397
84.397
85.397
86.397
87.397
88.397
89.397
90.397
91.397
92.397
93.397
94.397
95.397
55.8701
55.4559
55.0416
54.6274
54.2132
53.799
53.3848
52.9706
52.5564
52.1421
51.7279
51.3137
50.8995
50.4853
50.0711
49.6569
49.2426
48.8284
48.4142
48
48
48
48
48
48
48
48
51.5563
51.1421
50.7279
50.3137
49.8995
49.4853
49.0711
48.6569
48.2426
47.8284
47.4142
47
47
47
47
47
47
47
47
47
47
47
47
47
47
47.4142
47.8284
48.2426
48.6569
49.0711
49.4853
49.8995
50.3137
50.7279
51.1422
52.1422
53.1422
54.1422
55.1422
56.1422
57.1422
58.1422
59.1422
60.1422
61.1422
62.1422
63.1422
64.1422
65.1422
66.1422
67.1422
68.1422
69.1422
70.1422
71.1422
72.1422
73.1422
74.1422
75.1422
76.1422
77.1422
78.1422
79.1422
80.1422
81.1422
82.1422
83.1422
84.1422
85.1422
86.1422
87.1422
88.1422
89.1422
90.1422
91.1422
92.1422
93.1422
94.1422
95.1422
96.1422
97.1422
98.1422
99.1422
100.142
101.142
102.142
103.142
104.142
105.142
106.142
107.142
108.142
109.142
110.142
111.142
53.6274
54.0416
54.4558
54.8701
55.2843
55.6985
56.1127
56.5269
56.9411
57.3553
57.7696
58.1838
58.598
59.0122
59.4264
59.8406
60.2548
60.6691
61.0833
61.4975
61.9117
62.3259
62.7401
63.1544
63.5686
63.9828
64.9828
65.9828
66.9828
67.9828
68.9828
69.9828
70.9828
71.9828
72.9828
73.9828
74.9828
75.9828
76.9828
77.9828
78.9828
79.9828
80.9828
81.9828
82.9828
83.9828
84.9828
85.9828
86.9828
87.9828
88.9828
89.9828
90.9828
91.9828
92.9828
54.4559
54.0416
53.6274
53.2132
52.799
52.3848
51.9706
51.5564
51.1421
50.7279
50.3137
49.8995
49.4853
49.0711
48.6569
48.2426
47.8284
47.4142
47
47
47
47
47
47
47
47
47
50.9706
50.5563
50.1421
49.7279
49.3137
48.8995
48.4853
48.0711
47.6569
47.2426
46.8284
46.4142
46
46
46
46
46
46
46
46
46
46
46
46
46
46
46.4142
46.8284
47.2426
47.6569
48.0711
48.4853
48.8995
49.3137
49.7279
50.7279
51.7279
52.7279
53.7279
54.7279
55.7279
56.7279
57.7279
58.7279
59.7279
60.7279
61.7279
62.7279
63.7279
64.7279
65.7279
66.7279
67.7279
68.7279
69.7279
70.7279
71.7279
72.7279
73.7279
74.7279
75.7279
76.7279
77.7279
78.7279
79.7279
80.7279
81.7279
82.7279
83.7279
84.7279
85.7279
86.7279
87.7279
88.7279
89.7279
90.7279
91.7279
92.7279
93.7279
94.7279
95.7279
96.7279
97.7279
98.7279
99.7279
100.728
101.728
102.728
103.728
104.728
105.728
106.728
107.728
51.3848
51.799
52.2132
52.6274
53.0416
53.4558
53.8701
54.2843
54.6985
55.1127
55.5269
55.9411
56.3553
56.7696
57.1838
57.598
58.0122
58.4264
58.8406
59.2548
59.6691
60.0833
60.4975
60.9117
61.3259
61.7401
62.1544
62.5686
63.5686
64.5686
65.5686
66.5686
67.5686
68.5686
69.5686
70.5686
71.5686
72.5686
73.5686
74.5686
75.5686
76.5686
77.5686
78.5686
79.5686
80.5686
81.5686
82.5686
83.5686
84.5686
85.5686
86.5686
87.5686
88.5686
89.5686
90.5686
53.0416
52.6274
52.2132
51.799
51.3848
50.9706
50.5564
50.1421
49.7279
49.3137
48.8995
48.4853
48.0711
47.6569
47.2426
46.8284
46.4142
46
46
46
46
46
46
46
46
46
46
50.3848
49.9706
49.5563
49.1421
48.7279
48.3137
47.8995
47.4853
47.0711
46.6569
46.2426
45.8284
45.4142
45
45
45
45
45
45
45
45
45
45
45
45
45
45
45.4142
45.8284
46.2426
46.6569
47.0711
47.4853
47.8995
48.3137
49.3137
50.3137
51.3137
64.1422
65.1422
66.1422
67.1422
68.1422
69.1422
70.1422
71.1422
72.1422
73.1422
74.1422
75.1422
76.1422
77.1422
78.1422
79.1422
80.1422
81.1422
82.1422
83.1422
84.1422
85.1422
86.1422
87.1422
88.1422
89.1422
90.1422
91.1422
92.1422
93.1422
94.1422
95.1422
96.1422
97.1422
98.1422
99.1422
100.142
101.142
102.142
103.142
104.142
49.5563
49.9706
50.3848
50.799
51.2132
51.6274
52.0416
52.4558
52.8701
53.2843
53.6985
54.1127
54.5269
54.9411
55.3553
55.7696
56.1838
56.598
57.0122
57.4264
57.8406
58.2548
58.6691
59.0833
59.4975
59.9117
60.3259
60.7401
61.1544
62.1544
63.1544
64.1544
65.1544
66.1544
67.1544
68.1544
69.1544
70.1544
71.1544
72.1544
73.1544
74.1544
75.1544
76.1544
77.1544
78.1544
79.1544
80.1544
81.1544
82.1544
83.1544
84.1544
85.1544
86.1544
87.1544
88.1544
51.6274
51.2132
50.799
50.3848
49.9706
49.5564
49.1421
48.7279
48.3137
47.8995
47.4853
47.0711
46.6569
46.2426
45.8284
45.4142
45
45
45
45
45
45
45
45
45
45
45
49.799
49.3848
48.9706
48.5563
48.1421
47.7279
47.3137
46.8995
46.4853
46.0711
45.6569
45.2426
44.8284
44.4142
44
44
44
44
44
44
44
44
44
44
44
44
44
44
44.4142
44.8284
45.2426
45.6569
46.0711
46.4853
46.8995
47.8995
70.5564
71.5564
72.5564
73.5564
74.5564
75.5564
76.5564
77.5564
78.5564
79.5564
80.5564
81.5564
82.5564
83.5564
84.5564
85.5564
86.5564
87.5564
88.5564
89.5564
90.5564
91.5564
92.5564
93.5564
94.5564
95.5564
96.5564
97.5564
98.5564
99.5564
47.3137
47.7279
48.1421
48.5563
48.9706
49.3848
49.799
50.2132
50.6274
51.0416
51.4558
51.8701
52.2843
52.6985
53.1127
53.5269
53.9411
54.3553
54.7696
55.1838
55.598
56.0122
56.4264
56.8406
57.2548
57.6691
58.0833
58.4975
58.9117
59.3259
59.7401
60.7401
61.7401
62.7401
63.7401
64.7401
65.7401
66.7401
67.7401
68.7401
69.7401
70.7401
71.7401
72.7401
73.7401
74.7401
75.7401
76.7401
77.7401
78.7401
79.7401
80.7401
81.7401
82.7401
83.7401
84.7401
85.7401
50.2132
49.799
49.3848
48.9706
48.5564
48.1421
47.7279
47.3137
46.8995
46.4853
46.0711
45.6569
45.2426
44.8284
44.4142
44
44
44
44
44
44
44
44
44
44
44
44
49.2132
48.799
48.3848
47.9706
47.5563
47.1421
46.7279
46.3137
45.8995
45.4853
45.0711
44.6569
44.2426
43.8284
43.4142
43
43
43
43
43
43
43
43
43
43
43
43
43
43
43.4142
43.8284
44.2426
44.6569
45.0711
45.4853
76.9706
77.9706
78.9706
79.9706
80.9706
81.9706
82.9706
83.9706
84.9706
85.9706
86.9706
87.9706
88.9706
89.9706
90.9706
91.9706
92.9706
44.6569
45.0711
45.4853
45.8995
46.3137
46.7279
47.1421
47.5563
47.9706
48.3848
48.799
49.2132
49.6274
50.0416
50.4558
50.8701
51.2843
51.6985
52.1127
52.5269
52.9411
53.3553
53.7696
54.1838
54.598
55.0122
55.4264
55.8406
56.2548
56.6691
57.0833
57.4975
57.9117
58.3259
59.3259
60.3259
61.3259
62.3259
63.3259
64.3259
65.3259
66.3259
67.3259
68.3259
69.3259
70.3259
71.3259
72.3259
73.3259
74.3259
75.3259
76.3259
77.3259
78.3259
79.3259
80.3259
81.3259
82.3259
83.3259
48.799
48.3848
47.9706
47.5564
47.1421
46.7279
46.3137
45.8995
45.4853
45.0711
44.6569
44.2426
43.8284
43.4142
43
43
43
43
43
43
43
43
43
43
43
43
43
43
48.6274
48.2132
47.799
47.3848
46.9706
46.5563
46.1421
45.7279
45.3137
44.8995
44.4853
44.0711
43.6569
43.2426
42.8284
42.4142
42
42
42
42
42
42
42
42
42
42
42
42
42
42
42.4142
42.8284
43.2426
43.6569
44.0711
42.4142
42.8284
43.2426
43.6569
44.0711
44.4853
44.8995
45.3137
45.7279
46.1421
46.5563
46.9706
47.3848
47.799
48.2132
48.6274
49.0416
49.4558
49.8701
50.2843
50.6985
51.1127
51.5269
51.9411
52.3553
52.7696
53.1838
53.598
54.0122
54.4264
54.8406
55.2548
55.6691
56.0833
56.4975
56.9117
57.9117
58.9117
59.9117
60.9117
61.9117
62.9117
63.9117
64.9117
65.9117
66.9117
67.9117
68.9117
69.9117
70.9117
71.9117
72.9117
73.9117
74.9117
75.9117
76.9117
77.9117
78.9117
79.9117
80.9117
47.799
47.3848
46.9706
46.5564
46.1421
45.7279
45.3137
44.8995
44.4853
44.0711
43.6569
43.2426
42.8284
42.4142
42
42
42
42
42
42
42
42
42
42
42
42
42
42
42.4142
48.0416
47.6274
47.2132
46.799
46.3848
45.9706
45.5563
45.1421
44.7279
44.3137
43.8995
43.4853
43.0711
42.6569
42.2426
41.8284
41.4142
41
41
41
41
41
41
41
41
41
41
41
41
41
41
41.4142
41.8284
42.2426
42.6569
41
41
41
41
41.4142
41.8284
42.2426
42.6569
43.0711
43.4853
43.8995
44.3137
44.7279
45.1421
45.5563
45.9706
46.3848
46.799
47.2132
47.6274
48.0416
48.4558
48.8701
49.2843
49.6985
50.1127
50.5269
50.9411
51.3553
51.7696
52.1838
52.598
53.0122
53.4264
53.8406
54.2548
54.6691
55.0833
55.4975
56.4975
57.4975
58.4975
59.4975
60.4975
61.4975
62.4975
63.4975
64.4975
65.4975
66.4975
67.4975
68.4975
69.4975
70.4975
71.4975
72.4975
73.4975
74.4975
75.4975
76.4975
77.4975
78.4975
46.3848
45.9706
45.5564
45.1421
44.7279
44.3137
43.8995
43.4853
43.0711
42.6569
42.2426
41.8284
41.4142
41
41
41
41
41
41
41
41
41
41
41
41
41
41
41.4142
41.8284
47.4558
47.0416
46.6274
46.2132
47.4558
47.0416
46.6274
46.2132
45.799
45.3848
44.9706
44.5563
44.1421
43.7279
43.3137
42.8995
42.4853
42.0711
41.6569
41.2426
40.8284
40.4142
40
40
40
40
40
40
40
40
40
40
40
40
40
40
40.4142
40.8284
41.2426
40
40
40
40
40
40
40
40
40.4142
40.8284
41.2426
41.6569
42.0711
42.4853
42.8995
43.3137
43.7279
44.1421
44.5563
44.9706
45.3848
45.799
46.2132
46.6274
47.0416
47.4558
47.8701
48.2843
48.6985
49.1127
49.5269
49.9411
50.3553
50.7696
51.1838
51.598
52.0122
52.4264
52.8406
53.2548
53.6691
54.0833
55.0833
56.0833
57.0833
58.0833
59.0833
60.0833
61.0833
62.0833
63.0833
64.0833
65.0833
66.0833
67.0833
68.0833
69.0833
70.0833
71.0833
72.0833
73.0833
74.0833
75.0833
76.0833
44.9706
44.5564
44.1421
43.7279
43.3137
42.8995
42.4853
42.0711
41.6569
41.2426
40.8284
40.4142
40
40
40
40
40
40
40
40
40
40
40
40
40
40
40.4142
40.8284
41.2426
41.6569
46.4558
46.0416
45.6274
45.2132
44.799
44.3848
43.9706
43.5563
43.1421
42.7279
42.3137
41.8995
41.4853
41.0711
40.6569
40.2426
39.8284
39.4142
39
47.2843
46.8701
46.4558
46.0416
45.6274
45.2132
44.799
44.3848
43.9706
43.5563
43.1421
42.7279
42.3137
41.8995
41.4853
41.0711
40.6569
40.2426
39.8284
39.4142
39
39
39
39
39
39
39
39
39
39
39
39
39
39
39.4142
39.8284
39
39
39
39
39
39
39
39
39
39
39
39
39.4142
39.8284
40.2426
40.6569
41.0711
41.4853
41.8995
42.3137
42.7279
43.1421
43.5563
43.9706
44.3848
44.799
45.2132
45.6274
46.0416
46.4558
46.8701
47.2843
47.6985
48.1127
48.5269
48.9411
49.3553
49.7696
50.1838
50.598
51.0122
51.4264
51.8406
52.2548
52.6691
53.6691
54.6691
55.6691
56.6691
57.6691
58.6691
59.6691
60.6691
61.6691
62.6691
63.6691
64.6691
65.6691
66.6691
67.6691
68.6691
69.6691
70.6691
71.6691
72.6691
73.6691
43.5564
43.1421
42.7279
42.3137
41.8995
41.4853
41.0711
40.6569
40.2426
39.8284
39.4142
39
39
39
39
39
39
39
39
39
39
39
39
39
39
39.4142
39.8284
40.2426
40.6569
41.0711
41.4853
45.4558
45.0416
44.6274
44.2132
43.799
43.3848
42.9706
42.5563
42.1421
41.7279
41.3137
40.8995
40.4853
40.0711
39.6569
39.2426
38.8284
38.4142
38
38
38
38
38
38
38
47.1127
46.6985
46.2843
45.8701
45.4558
45.0416
44.6274
44.2132
43.799
43.3848
42.9706
42.5563
42.1421
41.7279
41.3137
40.8995
40.4853
40.0711
39.6569
39.2426
38.8284
38.4142
38
38
38
38
38
38
38
38
38
38
38
38
38
38
38.4142
38
38
38
38
38
38
38
38
38
38
38
38
38
38
38.4142
38.8284
39.2426
39.6569
40.0711
40.4853
40.8995
41.3137
41.7279
42.1421
42.5563
42.9706
43.3848
43.799
44.2132
44.6274
45.0416
45.4558
45.8701
46.2843
46.6985
47.1127
47.5269
47.9411
48.3553
48.7696
49.1838
49.598
50.0122
50.4264
50.8406
51.2548
52.2548
53.2548
54.2548
55.2548
56.2548
57.2548
58.2548
59.2548
60.2548
61.2548
62.2548
63.2548
64.2548
65.2548
66.2548
67.2548
68.2548
69.2548
70.2548
71.2548
42.5564
42.1421
41.7279
41.3137
40.8995
40.4853
40.0711
39.6569
39.2426
38.8284
38.4142
38
38
38
38
38
38
38
38
38
38
38
38
38
38
38.4142
38.8284
39.2426
39.6569
40.0711
40.4853
40.8995
41.3137
44.4558
44.0416
43.6274
43.2132
42.799
42.3848
41.9706
41.5563
41.1421
40.7279
40.3137
39.8995
39.4853
39.0711
38.6569
38.2426
37.8284
37.4142
37
37
37
37
37
37
37
37
37
37
37
37
46.9411
46.5269
46.1127
45.6985
45.2843
44.8701
44.4558
44.0416
43.6274
43.2132
42.799
42.3848
41.9706
41.5563
41.1421
40.7279
40.3137
39.8995
39.4853
39.0711
38.6569
38.2426
37.8284
37.4142
37
37
37
37
37
37
37
37
37
37
37
37
37
37
37.4142
37
37
37
37
37
37
37
37
37
37
37
37
37
37
37
37
37
37.4142
37.8284
38.2426
38.6569
39.0711
39.4853
39.8995
40.3137
40.7279
41.1421
41.5563
41.9706
42.3848
42.799
43.2132
43.6274
44.0416
44.4558
44.8701
45.2843
45.6985
46.1127
46.5269
46.9411
47.3553
47.7696
48.1838
48.598
49.0122
49.4264
49.8406
50.8406
51.8406
52.8406
53.8406
54.8406
55.8406
56.8406
57.8406
58.8406
59.8406
60.8406
61.8406
62.8406
63.8406
64.8406
65.8406
66.8406
67.8406
68.8406
41.1421
40.7279
40.3137
39.8995
39.4853
39.0711
38.6569
38.2426
37.8284
37.4142
37
37
37
37
37
37
37
37
37
37
37
37
37
37
37.4142
37.8284
38.2426
38.6569
39.0711
39.4853
39.8995
40.3137
40.7279
41.1421
41.5563
43.4558
43.0416
42.6274
42.2132
41.799
41.3848
40.9706
40.5563
40.1421
39.7279
39.3137
38.8995
38.4853
38.0711
37.6569
37.2426
36.8284
36.4142
36
36
36
36
36
36
36
36
36
36
36
36
36
36
36
36
36
46.7696
46.3553
45.9411
45.5269
45.1127
44.6985
44.2843
43.8701
43.4558
43.0416
42.6274
42.2132
41.799
41.3848
40.9706
40.5563
40.1421
39.7279
39.3137
38.8995
38.4853
38.0711
37.6569
37.2426
36.8284
36.4142
36
36
36
36
36
36
36
36
36
36
36
36
36
36
36
36
36
36
36
36
36
36
36
36
36
36
36
36
36
36
36
36
36.4142
36.8284
37.2426
37.6569
38.0711
38.4853
38.8995
39.3137
39.7279
40.1421
40.5563
40.9706
41.3848
41.799
42.2132
42.6274
43.0416
43.4558
43.8701
44.2843
44.6985
45.1127
45.5269
45.9411
46.3553
46.7696
47.1838
47.598
48.0122
48.4264
49.4264
50.4264
51.4264
52.4264
53.4264
54.4264
55.4264
56.4264
57.4264
58.4264
59.4264
60.4264
61.4264
62.4264
63.4264
64.4264
65.4264
66.4264
40.1421
39.7279
39.3137
38.8995
38.4853
38.0711
37.6569
37.2426
36.8284
36.4142
36
36
36
36
36
36
36
36
36
36
36
36
36
36
36.4142
36.8284
37.2426
37.6569
38.0711
38.4853
38.8995
39.3137
39.7279
40.1421
40.5563
40.9706
41.3848
41.799
42.2132
42.6274
42.4558
42.0416
41.6274
41.2132
40.799
40.3848
39.9706
39.5563
39.1421
38.7279
38.3137
37.8995
37.4853
37.0711
36.6569
36.2426
35.8284
35.4142
35
35
35
35
35
35
35
35
35
35
35
35
35
35
35
35
35
35
35
35.4142
35.8284
36.2426
47.0122
46.598
46.1838
45.7696
45.3553
44.9411
44.5269
44.1127
43.6985
43.2843
42.8701
42.4558
42.0416
41.6274
41.2132
40.799
40.3848
39.9706
39.5563
39.1421
38.7279
38.3137
37.8995
37.4853
37.0711
36.6569
36.2426
35.8284
35.4142
35
35
35
35
35
35
35
35
35
35
35
35
35
35
35
35
35
35
35
35
35
35
35
35
35
35
35
35
35
35
35
35
35
35
35.4142
35.8284
36.2426
36.6569
37.0711
37.4853
37.8995
38.3137
38.7279
39.1421
39.5563
39.9706
40.3848
40.799
41.2132
41.6274
42.0416
42.4558
42.8701
43.2843
43.6985
44.1127
44.5269
44.9411
45.3553
45.7696
46.1838
46.598
47.0122
48.0122
49.0122
50.0122
51.0122
52.0122
53.0122
54.0122
55.0122
56.0122
57.0122
58.0122
59.0122
60.0122
61.0122
62.0122
63.0122
64.0122
38.7279
38.3137
37.8995
37.4853
37.0711
36.6569
36.2426
35.8284
35.4142
35
35
35
35
35
35
35
35
35
35
35
35
35
35
35.4142
35.8284
36.2426
36.6569
37.0711
37.4853
37.8995
38.3137
38.7279
39.1421
39.5563
39.9706
40.3848
40.799
41.2132
41.6274
42.0416
42.4558
42.8701
41.4558
41.0416
40.6274
40.2132
39.799
39.3848
38.9706
38.5563
38.1421
37.7279
37.3137
36.8995
36.4853
36.0711
35.6569
35.2426
34.8284
34.4142
34
34
34
34
34
34
34
34
34
34
34
34
34
34
34
34
34
34
34
34.4142
34.8284
35.2426
35.6569
36.0711
36.4853
36.8995
37.3137
47.0122
48.0122
48.598
47.598
46.598
45.598
45.1838
44.7696
44.3553
43.9411
43.5269
43.1127
42.6985
42.2843
41.8701
41.4558
41.0416
40.6274
40.2132
39.799
39.3848
38.9706
38.5563
38.1421
37.7279
37.3137
36.8995
36.4853
36.0711
35.6569
35.2426
34.8284
34.4142
34
34
34
34
34
34
34
34
34
34
34
34
34
34
34
34
34
34
34
34
34
34
34
34
34
34
34
34
34
34
34
34
34
34
34
34.4142
34.8284
35.2426
35.6569
36.0711
36.4853
36.8995
37.3137
37.7279
38.1421
38.5563
38.9706
39.3848
39.799
40.2132
40.6274
41.0416
41.4558
41.8701
42.2843
42.6985
43.1127
43.5269
43.9411
44.3553
44.7696
45.1838
45.598
46.598
47.598
48.598
49.598
50.598
51.598
52.598
53.598
54.598
55.598
56.598
57.598
58.598
59.598
60.598
61.598
37.7279
37.3137
36.8995
36.4853
36.0711
35.6569
35.2426
34.8284
34.4142
34
34
34
34
34
34
34
34
34
34
34
34
34
34
34.4142
34.8284
35.2426
35.6569
36.0711
36.4853
36.8995
37.3137
37.7279
38.1421
38.5563
38.9706
39.3848
39.799
40.2132
40.6274
41.0416
41.4558
41.8701
40.4558
40.0416
39.6274
39.2132
38.799
38.3848
37.9706
37.5563
37.1421
36.7279
36.3137
35.8995
35.4853
35.0711
34.6569
34.2426
33.8284
33.4142
33
33
33
33
33
33
33
33
33
33
33
33
33
33
33
33
33
33
33
33.4142
33.8284
34.2426
34.6569
35.0711
35.4853
35.8995
36.3137
36.7279
37.1421
37.5563
37.9706
38.3848
38.799
39.2132
39.6274
40.0416
40.4558
40.8701
41.2843
41.6985
42.1127
42.5269
42.9411
43.3553
43.7696
44.1838
44.598
45.598
46.598
47.598
48.1838
47.1838
46.1838
45.1838
44.1838
43.7696
43.3553
42.9411
42.5269
42.1127
41.6985
41.2843
40.8701
40.4558
40.0416
39.6274
39.2132
38.799
38.3848
37.9706
37.5563
37.1421
36.7279
36.3137
35.8995
35.4853
35.0711
34.6569
34.2426
33.8284
33.4142
33
33
33
33
33
33
33
33
33
33
33
33
33
33
33
33
33
33
33
33
33
33
33
33
33
33
33
33
33
33
33
33
33
33
33
33
33.4142
33.8284
34.2426
34.6569
35.0711
35.4853
35.8995
36.3137
36.7279
37.1421
37.5563
37.9706
38.3848
38.799
39.2132
39.6274
40.0416
40.4558
40.8701
41.2843
41.6985
42.1127
42.5269
42.9411
43.3553
43.7696
44.1838
45.1838
46.1838
47.1838
48.1838
49.1838
50.1838
51.1838
52.1838
53.1838
54.1838
55.1838
56.1838
57.1838
58.1838
59.1838
60.1838
36.3137
35.8995
35.4853
35.0711
34.6569
34.2426
33.8284
33.4142
33
33
33
33
33
33
33
33
33
33
33
33
33
33
33.4142
33.8284
34.2426
34.6569
35.0711
35.4853
35.8995
36.3137
36.7279
37.1421
37.5563
37.9706
38.3848
38.799
39.2132
39.6274
40.0416
40.4558
40.8701
39.4558
39.0416
38.6274
38.2132
37.799
37.3848
36.9706
36.5563
36.1421
35.7279
35.3137
34.8995
34.4853
34.0711
33.6569
33.2426
32.8284
32.4142
32
32
32
32
32
32
32
32
32
32
32
32
32
32
32
32
32
32
32
32.4142
32.8284
33.2426
33.6569
34.0711
34.4853
34.8995
35.3137
35.7279
36.1421
36.5563
36.9706
37.3848
37.799
38.2132
38.6274
39.0416
39.4558
39.8701
40.2843
40.6985
41.1127
41.5269
41.9411
42.3553
42.7696
43.1838
44.1838
45.1838
46.1838
47.1838
47.7696
46.7696
45.7696
44.7696
43.7696
42.7696
42.3553
41.9411
41.5269
41.1127
40.6985
40.2843
39.8701
39.4558
39.0416
38.6274
38.2132
37.799
37.3848
36.9706
36.5563
36.1421
35.7279
35.3137
34.8995
34.4853
34.0711
33.6569
33.2426
32.8284
32.4142
32
32
32
32
32
32
32
32
32
32
32
32
32
32
32.4142
32
32
32
32
32
32
32
32
32
32
32
32
32
32
32
32
32
32
32
32
32
32
32.4142
32.8284
33.2426
33.6569
34.0711
34.4853
34.8995
35.3137
35.7279
36.1421
36.5563
36.9706
37.3848
37.799
38.2132
38.6274
39.0416
39.4558
39.8701
40.2843
40.6985
41.1127
41.5269
41.9411
42.3553
42.7696
43.7696
44.7696
45.7696
46.7696
47.7696
48.7696
49.7696
50.7696
51.7696
52.7696
53.7696
54.7696
55.7696
56.7696
57.7696
35.3137
34.8995
34.4853
34.0711
33.6569
33.2426
32.8284
32.4142
32
32
32
32
32
32
32
32
32
32
32
32
32
32
32.4142
32.8284
33.2426
33.6569
34.0711
34.4853
34.8995
35.3137
35.7279
36.1421
36.5563
36.9706
37.3848
37.799
38.2132
38.6274
39.0416
39.4558
39.8701
38.4558
38.0416
37.6274
37.2132
36.799
36.3848
35.9706
35.5563
35.1421
34.7279
34.3137
33.8995
33.4853
33.0711
32.6569
32.2426
31.8284
31.4142
31
31
31
31
31
31
31
31
31
31
31
31
31
31
31
31
31
31
31
31.4142
31.8284
32.2426
32.6569
33.0711
33.4853
33.8995
34.3137
34.7279
35.1421
35.5563
35.9706
36.3848
36.799
37.2132
37.6274
38.0416
38.4558
38.8701
39.2843
39.6985
40.1127
40.5269
40.9411
41.3553
41.7696
42.7696
43.7696
44.7696
45.7696
46.7696
47.3553
46.3553
45.3553
44.3553
43.3553
42.3553
41.3553
40.9411
40.5269
40.1127
39.6985
39.2843
38.8701
38.4558
38.0416
37.6274
37.2132
36.799
36.3848
35.9706
35.5563
35.1421
34.7279
34.3137
33.8995
33.4853
33.0711
32.6569
32.2426
31.8284
31.4142
31
31
31
31
31
31
31
31
31
31
31
31
31
31
31.8284
31.4142
31
31
31
31
31
31
31
31
31
31
31
31
31
31
31
31
31
31
31
31
31
31
31.4142
31.8284
32.2426
32.6569
33.0711
33.4853
33.8995
34.3137
34.7279
35.1421
35.5563
35.9706
36.3848
36.799
37.2132
37.6274
38.0416
38.4558
38.8701
39.2843
39.6985
40.1127
40.5269
40.9411
41.3553
42.3553
43.3553
44.3553
45.3553
46.3553
47.3553
48.3553
49.3553
50.3553
51.3553
52.3553
53.3553
54.3553
55.3553
33.8995
33.4853
33.0711
32.6569
32.2426
31.8284
31.4142
31
31
31
31
31
31
31
31
31
31
31
31
31
31
31.4142
31.8284
32.2426
32.6569
33.0711
33.4853
33.8995
34.3137
34.7279
35.1421
35.5563
35.9706
36.3848
36.799
37.2132
37.6274
38.0416
38.4558
38.8701
37.4558
37.0416
36.6274
36.2132
35.799
35.3848
34.9706
34.5563
34.1421
33.7279
33.3137
32.8995
32.4853
32.0711
31.6569
31.2426
30.8284
30.4142
30
30
30
30
30
30
30
30
30
30
30
30
30
30
30
30
30
30
30
30.4142
30.8284
31.2426
31.6569
32.0711
32.4853
32.8995
33.3137
33.7279
34.1421
34.5563
34.9706
35.3848
35.799
36.2132
36.6274
37.0416
37.4558
37.8701
38.2843
38.6985
39.1127
39.5269
39.9411
40.3553
41.3553
42.3553
43.3553
44.3553
45.3553
46.3553
46.9411
45.9411
44.9411
43.9411
42.9411
41.9411
40.9411
39.9411
39.5269
39.1127
38.6985
38.2843
37.8701
37.4558
37.0416
36.6274
36.2132
35.799
35.3848
34.9706
34.5563
34.1421
33.7279
33.3137
32.8995
32.4853
32.0711
31.6569
31.2426
30.8284
30.4142
30
30
30
30
30
30
30
30
30
30
30
30
30
30
31.2426
30.8284
30.4142
30
30
30
30
30
30
30
30
30
30
30
30
30
30
30
30
30
30
30
30
30
30
30.4142
30.8284
31.2426
31.6569
32.0711
32.4853
32.8995
33.3137
33.7279
34.1421
34.5563
34.9706
35.3848
35.799
36.2132
36.6274
37.0416
37.4558
37.8701
38.2843
38.6985
39.1127
39.5269
39.9411
40.9411
41.9411
42.9411
43.9411
44.9411
45.9411
46.9411
47.9411
48.9411
49.9411
50.9411
51.9411
52.9411
32.8995
32.4853
32.0711
31.6569
31.2426
30.8284
30.4142
30
30
30
30
30
30
30
30
30
30
30
30
30
30
30.4142
30.8284
31.2426
31.6569
32.0711
32.4853
32.8995
33.3137
33.7279
34.1421
34.5563
34.9706
35.3848
35.799
36.2132
36.6274
37.0416
37.4558
37.8701
36.4558
36.0416
35.6274
35.2132
34.799
34.3848
33.9706
33.5563
33.1421
32.7279
32.3137
31.8995
31.4853
31.0711
30.6569
30.2426
29.8284
29.4142
29
29
29
29
29
29
29
29
29
29
29
29
29
29
29
29
29
29
29
29.4142
29.8284
30.2426
30.6569
31.0711
31.4853
31.8995
32.3137
32.7279
33.1421
33.5563
33.9706
34.3848
34.799
35.2132
35.6274
36.0416
36.4558
36.8701
37.2843
37.6985
38.1127
38.5269
38.9411
39.9411
40.9411
41.9411
42.9411
43.9411
44.9411
45.9411
46.5269
45.5269
44.5269
43.5269
42.5269
41.5269
40.5269
39.5269
38.5269
38.1127
37.6985
37.2843
36.8701
36.4558
36.0416
35.6274
35.2132
34.799
34.3848
33.9706
33.5563
33.1421
32.7279
32.3137
31.8995
31.4853
31.0711
30.6569
30.2426
29.8284
29.4142
29
29
29
29
29
29
29
29
29
29
29
29
29
29
30.2426
29.8284
29.4142
29
29
29
29
29
29
29
29
29
29
29
29
29
29
29
29
29
29
29
29
29
29
29.4142
29.8284
30.2426
30.6569
31.0711
31.4853
31.8995
32.3137
32.7279
33.1421
33.5563
33.9706
34.3848
34.799
35.2132
35.6274
36.0416
36.4558
36.8701
37.2843
37.6985
38.1127
38.5269
39.5269
40.5269
41.5269
42.5269
43.5269
44.5269
45.5269
46.5269
47.5269
48.5269
49.5269
50.5269
51.5269
31.4853
31.0711
30.6569
30.2426
29.8284
29.4142
29
29
29
29
29
29
29
29
29
29
29
29
29
29
29.4142
29.8284
30.2426
30.6569
31.0711
31.4853
31.8995
32.3137
32.7279
33.1421
33.5563
33.9706
34.3848
34.799
35.2132
35.6274
36.0416
36.4558
36.8701
36.0416
35.0416
34.6274
34.2132
33.799
33.3848
32.9706
32.5563
32.1421
31.7279
31.3137
30.8995
30.4853
30.0711
29.6569
29.2426
28.8284
28.4142
28
28
28
28
28
28
28
28
28
28
28
28
28
28
28
28
28
28
28
28.4142
28.8284
29.2426
29.6569
30.0711
30.4853
30.8995
31.3137
31.7279
32.1421
32.5563
32.9706
33.3848
33.799
34.2132
34.6274
35.0416
35.4558
35.8701
36.2843
36.6985
37.1127
37.5269
38.5269
39.5269
40.5269
41.5269
42.5269
43.5269
44.5269
45.5269
46.1127
45.1127
44.1127
43.1127
42.1127
41.1127
40.1127
39.1127
38.1127
37.1127
36.6985
36.2843
35.8701
35.4558
35.0416
34.6274
34.2132
33.799
33.3848
32.9706
32.5563
32.1421
31.7279
31.3137
30.8995
30.4853
30.0711
29.6569
29.2426
28.8284
28.4142
28
28
28
28
28
28
28
28
28
28
28
28
28
28
29.6569
29.2426
28.8284
28.4142
28
28
28
28
28
28
28
28
28
28
28
28
28
28
28
28
28
28
28
28
28
28
28.4142
28.8284
29.2426
29.6569
30.0711
30.4853
30.8995
31.3137
31.7279
32.1421
32.5563
32.9706
33.3848
33.799
34.2132
34.6274
35.0416
35.4558
35.8701
36.2843
36.6985
37.1127
38.1127
39.1127
40.1127
41.1127
42.1127
43.1127
44.1127
45.1127
46.1127
47.1127
48.1127
49.1127
30.4853
30.0711
29.6569
29.2426
28.8284
28.4142
28
28
28
28
28
28
28
28
28
28
28
28
28
28
28.4142
28.8284
29.2426
29.6569
30.0711
30.4853
30.8995
31.3137
31.7279
32.1421
32.5563
32.9706
33.3848
33.799
34.2132
34.6274
35.0416
35.4558
35.8701
35.6274
34.6274
33.6274
33.2132
32.799
32.3848
31.9706
31.5563
31.1421
30.7279
30.3137
29.8995
29.4853
29.0711
28.6569
28.2426
27.8284
27.4142
27
27
27
27
27
27
27
27
27
27
27
27
27
27
27
27
27
27
27
27.4142
27.8284
28.2426
28.6569
29.0711
29.4853
29.8995
30.3137
30.7279
31.1421
31.5563
31.9706
32.3848
32.799
33.2132
33.6274
34.0416
34.4558
34.8701
35.2843
35.6985
36.1127
37.1127
38.1127
39.1127
40.1127
41.1127
42.1127
43.1127
44.1127
45.1127
45.6985
44.6985
43.6985
42.6985
41.6985
40.6985
39.6985
38.6985
37.6985
36.6985
35.6985
35.2843
34.8701
34.4558
34.0416
33.6274
33.2132
32.799
32.3848
31.9706
31.5563
31.1421
30.7279
30.3137
29.8995
29.4853
29.0711
28.6569
28.2426
27.8284
27.4142
27
27
27
27
27
27
27
27
27
27
27
27
27
27
28.6569
28.2426
27.8284
27.4142
27
27
27
27
27
27
27
27
27
27
27
27
27
27
27
27
27
27
27
27
27
27
27.4142
27.8284
28.2426
28.6569
29.0711
29.4853
29.8995
30.3137
30.7279
31.1421
31.5563
31.9706
32.3848
32.799
33.2132
33.6274
34.0416
34.4558
34.8701
35.2843
35.6985
36.6985
37.6985
38.6985
39.6985
40.6985
41.6985
42.6985
43.6985
44.6985
45.6985
46.6985
29.4853
29.0711
28.6569
28.2426
27.8284
27.4142
27
27
27
27
27
27
27
27
27
27
27
27
27
27
27.4142
27.8284
28.2426
28.6569
29.0711
29.4853
29.8995
30.3137
30.7279
31.1421
31.5563
31.9706
32.3848
32.799
33.2132
33.6274
34.0416
34.4558
34.8701
35.2132
34.2132
33.2132
32.2132
31.799
31.3848
30.9706
30.5563
30.1421
29.7279
29.3137
28.8995
28.4853
28.0711
27.6569
27.2426
26.8284
26.4142
26
26
26
26
26
26
26
26
26
26
26
26
26
26
26
26
26
26
26
26.4142
26.8284
27.2426
27.6569
28.0711
28.4853
28.8995
29.3137
29.7279
30.1421
30.5563
30.9706
31.3848
31.799
32.2132
32.6274
33.0416
33.4558
33.8701
34.2843
34.6985
35.6985
36.6985
37.6985
38.6985
39.6985
40.6985
41.6985
42.6985
43.6985
44.6985
45.2843
44.2843
43.2843
42.2843
41.2843
40.2843
39.2843
38.2843
37.2843
36.2843
35.2843
34.2843
33.8701
33.4558
33.0416
32.6274
32.2132
31.799
31.3848
30.9706
30.5563
30.1421
29.7279
29.3137
28.8995
28.4853
28.0711
27.6569
27.2426
26.8284
26.4142
26
26
26
26
26
26
26
26
26
26
26
26
26
26
27.6569
27.2426
26.8284
26.4142
26
26
26
26
26
26
26
26
26
26
26
26
26
26
26
26
26
26
26
26
26
26
26.4142
26.8284
27.2426
27.6569
28.0711
28.4853
28.8995
29.3137
29.7279
30.1421
30.5563
30.9706
31.3848
31.799
32.2132
32.6274
33.0416
33.4558
33.8701
34.2843
35.2843
36.2843
37.2843
38.2843
39.2843
40.2843
41.2843
42.2843
43.2843
44.2843
45.2843
26
26
26
28.0711
27.6569
27.2426
26.8284
26.4142
26
26
26
26
26
26
26
26
26
26
26
26
26
26
26.4142
26.8284
27.2426
27.6569
28.0711
28.4853
28.8995
29.3137
29.7279
30.1421
30.5563
30.9706
31.3848
31.799
32.2132
32.6274
33.0416
33.4558
34.4558
34.799
33.799
32.799
31.799
30.799
30.3848
29.9706
29.5563
29.1421
28.7279
28.3137
27.8995
27.4853
27.0711
26.6569
26.2426
25.8284
25.4142
25
25
25
25
25
25
25
25
25
25
25
25
25
25
25
25
25
25
25
25.4142
25.8284
26.2426
26.6569
27.0711
27.4853
27.8995
28.3137
28.7279
29.1421
29.5563
29.9706
30.3848
30.799
31.2132
31.6274
32.0416
32.4558
32.8701
33.2843
34.2843
35.2843
36.2843
37.2843
38.2843
39.2843
40.2843
41.2843
42.2843
43.2843
44.2843
44.8701
43.8701
42.8701
41.8701
40.8701
39.8701
38.8701
37.8701
36.8701
35.8701
34.8701
33.8701
32.8701
32.4558
32.0416
31.6274
31.2132
30.799
30.3848
29.9706
29.5563
29.1421
28.7279
28.3137
27.8995
27.4853
27.0711
26.6569
26.2426
25.8284
25.4142
25
25
25
25
25
25
25
25
25
25
25
25
25
25
25
26.6569
26.2426
25.8284
25.4142
25
25
25
25
25
25
25
25
25
25
25
25
25
25
25
25
25
25
25
25
25
25
25.4142
25.8284
26.2426
26.6569
27.0711
27.4853
27.8995
28.3137
28.7279
29.1421
29.5563
29.9706
30.3848
30.799
31.2132
31.6274
32.0416
32.4558
32.8701
33.8701
34.8701
35.8701
36.8701
37.8701
38.8701
39.8701
40.8701
41.8701
42.8701
25
25
25
25
25
25
25
25
25
25
27.0711
26.6569
26.2426
25.8284
25.4142
25
25
25
25
25
25
25
25
25
25
25
25
25
25
25.4142
25.8284
26.2426
26.6569
27.0711
27.4853
27.8995
28.3137
28.7279
29.1421
29.5563
29.9706
30.3848
30.799
31.2132
31.6274
32.0416
33.0416
34.0416
34.3848
33.3848
32.3848
31.3848
30.3848
29.3848
28.9706
28.5563
28.1421
27.7279
27.3137
26.8995
26.4853
26.0711
25.6569
25.2426
24.8284
24.4142
24
24
24
24
24
24
24
24
24
24
24
24
24
24
24
24
24
24
24
24.4142
24.8284
25.2426
25.6569
26.0711
26.4853
26.8995
27.3137
27.7279
28.1421
28.5563
28.9706
29.3848
29.799
30.2132
30.6274
31.0416
31.4558
31.8701
32.8701
33.8701
34.8701
35.8701
36.8701
37.8701
38.8701
39.8701
40.8701
41.8701
42.8701
43.8701
44.4558
43.4558
42.4558
41.4558
40.4558
39.4558
38.4558
37.4558
36.4558
35.4558
34.4558
33.4558
32.4558
31.4558
31.0416
30.6274
30.2132
29.799
29.3848
28.9706
28.5563
28.1421
27.7279
27.3137
26.8995
26.4853
26.0711
25.6569
25.2426
24.8284
24.4142
24
24
24
24
24
24
24
24
24
24
24
24
24
24
24
26.0711
25.6569
25.2426
24.8284
24.4142
24
24
24
24
24
24
24
24
24
24
24
24
24
24
24
24
24
24
24
24
24
24
24.4142
24.8284
25.2426
25.6569
26.0711
26.4853
26.8995
27.3137
27.7279
28.1421
28.5563
28.9706
29.3848
29.799
30.2132
30.6274
31.0416
31.4558
32.4558
33.4558
34.4558
35.4558
36.4558
37.4558
38.4558
39.4558
40.4558
24
24
24
24
24
24
24
24
24
24
24
24
24
24
26.0711
25.6569
25.2426
24.8284
24.4142
24
24
24
24
24
24
24
24
24
24
24
24
24
24
24.4142
24.8284
25.2426
25.6569
26.0711
26.4853
26.8995
27.3137
27.7279
28.1421
28.5563
28.9706
29.3848
29.799
30.2132
30.6274
31.6274
32.6274
33.6274
33.9706
32.9706
31.9706
30.9706
29.9706
28.9706
27.9706
27.5563
27.1421
26.7279
26.3137
25.8995
25.4853
25.0711
24.6569
24.2426
23.8284
23.4142
23
23
23
23
23
23
23
23
23
23
23
23
23
23
23
23
23
23
23
23.4142
23.8284
24.2426
24.6569
25.0711
25.4853
25.8995
26.3137
26.7279
27.1421
27.5563
27.9706
28.3848
28.799
29.2132
29.6274
30.0416
30.4558
31.4558
32.4558
33.4558
34.4558
35.4558
36.4558
37.4558
38.4558
39.4558
40.4558
41.4558
42.4558
43.4558
44.0416
43.0416
42.0416
41.0416
40.0416
39.0416
38.0416
37.0416
36.0416
35.0416
34.0416
33.0416
32.0416
31.0416
30.0416
29.6274
29.2132
28.799
28.3848
27.9706
27.5563
27.1421
26.7279
26.3137
25.8995
25.4853
25.0711
24.6569
24.2426
23.8284
23.4142
23
23
23
23
23
23
23
23
23
23
23
23
23
23
23
25.0711
24.6569
24.2426
23.8284
23.4142
23
23
23
23
23
23
23
23
23
23
23
23
23
23
23
23
23
23
23
23
23
23
23.4142
23.8284
24.2426
24.6569
25.0711
25.4853
25.8995
26.3137
26.7279
27.1421
27.5563
27.9706
28.3848
28.799
29.2132
29.6274
30.0416
31.0416
32.0416
33.0416
34.0416
35.0416
36.0416
37.0416
38.0416
39.0416
23
23
23
23
23
23
23
23
23
23
23
23
23
23
23
23
24.6569
24.2426
23.8284
23.4142
23
23
23
23
23
23
23
23
23
23
23
23
23
23
23.4142
23.8284
24.2426
24.6569
25.0711
25.4853
25.8995
26.3137
26.7279
27.1421
27.5563
27.9706
28.3848
28.799
29.2132
30.2132
31.2132
32.2132
33.2132
28.5563
27.5563
26.5563
26.1421
25.7279
25.3137
24.8995
24.4853
24.0711
23.6569
23.2426
22.8284
22.4142
22
22
22
22
22
22
22
22
22
22
22
22
22
22
22
22
22
22
22
22.4142
22.8284
23.2426
23.6569
24.0711
24.4853
24.8995
25.3137
25.7279
26.1421
26.5563
26.9706
27.3848
27.799
28.2132
28.6274
29.0416
30.0416
31.0416
32.0416
33.0416
34.0416
35.0416
36.0416
37.0416
38.0416
39.0416
40.0416
41.0416
42.0416
43.0416
43.6274
42.6274
41.6274
40.6274
39.6274
38.6274
37.6274
36.6274
35.6274
34.6274
33.6274
32.6274
31.6274
30.6274
29.6274
28.6274
28.2132
27.799
27.3848
26.9706
26.5563
26.1421
25.7279
25.3137
24.8995
24.4853
24.0711
23.6569
23.2426
22.8284
22.4142
22
22
22
22
22
22
22
22
22
22
22
22
22
22
22
22
22
22
22
22
22
22
22
22
22
24.0711
23.6569
23.2426
22.8284
22.4142
22
22
22
22
22
22
22
22
22
22
22
22
22
22
22
22
22
22
22
22
22
22
22.4142
22.8284
23.2426
23.6569
24.0711
24.4853
24.8995
25.3137
25.7279
26.1421
26.5563
26.9706
27.3848
27.799
28.2132
28.6274
29.6274
30.6274
31.6274
32.6274
33.6274
34.6274
35.6274
36.6274
22
22
22
22
22
22
22
22
22
22
22
22
22
22
22
22
22
22
23.6569
23.2426
22.8284
22.4142
22
22
22
22
22
22
22
22
22
22
22
22
22
22
22.4142
22.8284
23.2426
23.6569
24.0711
24.4853
24.8995
25.3137
25.7279
26.1421
26.5563
26.9706
27.3848
27.799
28.799
29.799
30.799
31.799
32.799
26.1421
25.1421
24.7279
24.3137
23.8995
23.4853
23.0711
22.6569
22.2426
21.8284
21.4142
21
21
21
21
21
21
21
21
21
21
21
21
21
21
21
21
21
21
21
21.4142
21.8284
22.2426
22.6569
23.0711
23.4853
23.8995
24.3137
24.7279
25.1421
25.5563
25.9706
26.3848
26.799
27.2132
27.6274
28.6274
29.6274
30.6274
31.6274
32.6274
33.6274
34.6274
35.6274
36.6274
37.6274
38.6274
39.6274
40.6274
41.6274
42.6274
43.2132
42.2132
41.2132
40.2132
39.2132
38.2132
37.2132
36.2132
35.2132
34.2132
33.2132
32.2132
31.2132
30.2132
29.2132
28.2132
27.2132
26.799
26.3848
25.9706
25.5563
25.1421
24.7279
24.3137
23.8995
23.4853
23.0711
22.6569
22.2426
21.8284
21.4142
21
21
21
21
21
21
21
21
21
21
21
21
21
21
21
21
21
21
21
21
21
21
21
21
21
21
21
21
21
21
21
23.0711
22.6569
22.2426
21.8284
21.4142
21
21
21
21
21
21
21
21
21
21
21
21
21
21
21
21
21
21
21
21
21
21
21.4142
21.8284
22.2426
22.6569
23.0711
23.4853
23.8995
24.3137
24.7279
25.1421
25.5563
25.9706
26.3848
26.799
27.2132
28.2132
29.2132
30.2132
31.2132
32.2132
33.2132
34.2132
21
21
21
21
21
21
21
21
21
21
21
21
21
21
21
21
21
21
21
21
21
21
21
21
21
21
21
21
21
21
21
22.6569
22.2426
21.8284
21.4142
21
21
21
21
21
21
21
21
21
21
21
21
21
21
21.4142
21.8284
22.2426
22.6569
23.0711
23.4853
23.8995
24.3137
24.7279
25.1421
25.5563
25.9706
26.3848
27.3848
28.3848
29.3848
30.3848
31.3848
32.3848
23.7279
23.3137
22.8995
22.4853
22.0711
21.6569
21.2426
20.8284
20.4142
20
20
20
20
20
20
20
20
20
20
20
20
20
20
20
20
20
20
20
20.4142
20.8284
21.2426
21.6569
22.0711
22.4853
22.8995
23.3137
23.7279
24.1421
24.5563
24.9706
25.3848
25.799
26.2132
27.2132
28.2132
29.2132
30.2132
31.2132
32.2132
33.2132
34.2132
35.2132
36.2132
37.2132
38.2132
39.2132
40.2132
41.2132
42.2132
42.799
41.799
40.799
39.799
38.799
37.799
36.799
35.799
34.799
33.799
32.799
31.799
30.799
29.799
28.799
27.799
26.799
25.799
25.3848
24.9706
24.5563
24.1421
23.7279
23.3137
22.8995
22.4853
22.0711
21.6569
21.2426
20.8284
20.4142
20
20
20
20
20
20
20
20
20
20
20
20
20
20
20
20
20
20
20
20
20
20
20
20
20
20
20
20
20
20
20
20
20
20
20
20
22.0711
21.6569
21.2426
20.8284
20.4142
20
20
20
20
20
20
20
20
20
20
20
20
20
20
20
20
20
20
20
20
20
20
20.4142
20.8284
21.2426
21.6569
22.0711
22.4853
22.8995
23.3137
23.7279
24.1421
24.5563
24.9706
25.3848
25.799
26.799
27.799
28.799
29.799
30.799
31.799
20
20
20
20
20
20
20
20
20
20
20
20
20
20
20
20
20
20
20
20
20
20
20
20
20
20
20
20
20
20
20
20
20
20
20
20
20
20
21.2426
20.8284
20.4142
20
20
20
20
20
20
20
20
20
20
20
20
20
20
20.4142
20.8284
21.2426
21.6569
22.0711
22.4853
22.8995
23.3137
23.7279
24.1421
24.5563
24.9706
25.9706
26.9706
27.9706
28.9706
29.9706
30.9706
31.9706
22.3137
21.8995
21.4853
21.0711
20.6569
20.2426
19.8284
19.4142
19
19
19
19
19
19
19
19
19
19
19
19
19
19
19
19
19
19
19
19.4142
19.8284
20.2426
20.6569
21.0711
21.4853
21.8995
22.3137
22.7279
23.1421
23.5563
23.9706
24.3848
24.799
25.799
26.799
27.799
28.799
29.799
30.799
31.799
32.799
33.799
34.799
35.799
36.799
37.799
38.799
39.799
40.799
41.799
42.3848
41.3848
40.3848
39.3848
38.3848
37.3848
36.3848
35.3848
34.3848
33.3848
32.3848
31.3848
30.3848
29.3848
28.3848
27.3848
26.3848
25.3848
24.3848
23.9706
23.5563
23.1421
22.7279
22.3137
21.8995
21.4853
21.0711
20.6569
20.2426
19.8284
19.4142
19
19
19
19
19
19
19
19
19
19
19
19
19
19
19
19
19
19
19
19
19
19
19
19
19
19
19
19
19
19
19
19
19
19
19
19
19
19
19
21.0711
20.6569
20.2426
19.8284
19.4142
19
19
19
19
19
19
19
19
19
19
19
19
19
19
19
19
19
19
19
19
19
19
19.4142
19.8284
20.2426
20.6569
21.0711
21.4853
21.8995
22.3137
22.7279
23.1421
23.5563
23.9706
24.3848
25.3848
26.3848
27.3848
28.3848
29.3848
19
19
19
19
19
19
19
19
19
19
19
19
19
19
19
19
19
19
19
19
19
19
19
19
19
19
19
19
19
19
19
19
19
19
19
19
19
19
19
19
19
20.2426
19.8284
19.4142
19
19
19
19
19
19
19
19
19
19
19
19
19
19
19.4142
19.8284
20.2426
20.6569
21.0711
21.4853
21.8995
22.3137
22.7279
23.1421
23.5563
24.5563
25.5563
26.5563
27.5563
28.5563
29.5563
30.5563
31.5563
20.8995
20.4853
20.0711
19.6569
19.2426
18.8284
18.4142
18
18
18
18
18
18
18
18
18
18
18
18
18
18
18
18
18
18
18
18.4142
18.8284
19.2426
19.6569
20.0711
20.4853
20.8995
21.3137
21.7279
22.1421
22.5563
22.9706
23.3848
24.3848
25.3848
26.3848
27.3848
28.3848
29.3848
30.3848
31.3848
32.3848
33.3848
34.3848
35.3848
36.3848
37.3848
38.3848
39.3848
40.3848
41.3848
41.9706
40.9706
39.9706
38.9706
37.9706
36.9706
35.9706
34.9706
33.9706
32.9706
31.9706
30.9706
29.9706
28.9706
27.9706
26.9706
25.9706
24.9706
23.9706
22.9706
22.5563
22.1421
21.7279
21.3137
20.8995
20.4853
20.0711
19.6569
19.2426
18.8284
18.4142
18
18
18
18
18
18
18
18
18
18
18
18
18
18
18
18
18
18
18
18
18
18
18
18
18
18
18
18
18
18
18
18
18
18
18
18
18
18
18
18
18
18
18
20.0711
19.6569
19.2426
18.8284
18.4142
18
18
18
18
18
18
18
18
18
18
18
18
18
18
18
18
18
18
18
18
18
18
18.4142
18.8284
19.2426
19.6569
20.0711
20.4853
20.8995
21.3137
21.7279
22.1421
22.5563
22.9706
23.9706
24.9706
25.9706
26.9706
27.9706
18
18
18
18
18
18
18
18
18
18
18
18
18
18
18
18
18
18
18
18
18
18
18
18
18
18
18
18
18
18
18
18
18
18
18
18
18
18
18
18
18
18
18
18
18
18
19.2426
18.8284
18.4142
18
18
18
18
18
18
18
18
18
18
18
18
18
18
18.4142
18.8284
19.2426
19.6569
20.0711
20.4853
20.8995
21.3137
21.7279
22.1421
23.1421
24.1421
25.1421
19.4853
19.0711
18.6569
18.2426
17.8284
17.4142
17
17
17
17
17
17
17
17
17
17
17
17
17
17
17
17
17
17
17
17.4142
17.8284
18.2426
18.6569
19.0711
19.4853
19.8995
20.3137
20.7279
21.1421
21.5563
21.9706
22.9706
23.9706
24.9706
25.9706
26.9706
27.9706
28.9706
29.9706
30.9706
31.9706
32.9706
33.9706
34.9706
31.5563
30.5563
29.5563
28.5563
27.5563
26.5563
25.5563
24.5563
23.5563
22.5563
21.5563
21.1421
20.7279
20.3137
19.8995
19.4853
19.0711
18.6569
18.2426
17.8284
17.4142
17
17
17
17
17
17
17
17
17
17
17
17
17
17
17
17
17
17
17
17
17
17
17
17
17
17
17
17
17
17
17
17
17
17
17
17
17
17
17
17
17
17
17
17
17
17
18.6569
18.2426
17.8284
17.4142
17
17
17
17
17
17
17
17
17
17
17
17
17
17
17
17
17
17
17
17
17
17
17.4142
17.8284
18.2426
18.6569
19.0711
19.4853
19.8995
20.3137
20.7279
21.1421
21.5563
22.5563
23.5563
24.5563
25.5563
17
17
17
17
17
17
17
17
17
17
17
17
17
17
17
17
17
17
17
17
17
17
17
17
17
17
17
17
17
17
17
17
17
17
17
17
17
17
17
17
17
17
17
17
17
17
17
17
18.2426
17.8284
17.4142
17
17
17
17
17
17
17
17
17
17
17
17
17
17
17.4142
17.8284
18.2426
18.6569
19.0711
19.4853
19.8995
20.3137
20.7279
21.7279
18.0711
17.6569
17.2426
16.8284
16.4142
16
16
16
16
16
16
16
16
16
16
16
16
16
16
16
16
16
16
16
16.4142
16.8284
17.2426
17.6569
18.0711
18.4853
18.8995
19.3137
19.7279
20.1421
20.5563
21.5563
22.5563
23.5563
24.5563
25.5563
26.5563
24.1421
23.1421
22.1421
21.1421
20.1421
19.7279
19.3137
18.8995
18.4853
18.0711
17.6569
17.2426
16.8284
16.4142
16
16
16
16
16
16
16
16
16
16
16
16
16
16
16
16
16
16
16
16
16
16
16
16
16
16
16
16
16
16
16
16
16
16
16
16
16
16
16
16
16
16
16
16
16
16
16
16
17.6569
17.2426
16.8284
16.4142
16
16
16
16
16
16
16
16
16
16
16
16
16
16
16
16
16
16
16
16
16
16
16.4142
16.8284
17.2426
17.6569
18.0711
18.4853
18.8995
19.3137
19.7279
20.1421
21.1421
22.1421
23.1421
16
16
16
16
16
16
16
16
16
16
16
16
16
16
16
16
16
16
16
16
16
16
16
16
16
16
16
16
16
16
16
16
16
16
16
16
16
16
16
16
16
16
16
16
16
16
16
16
16
16
16
16
16.8284
16.4142
16
16
16
16
16
16
16
16
16
16
16
16
16
16
16.4142
16.8284
17.2426
17.6569
18.0711
18.4853
18.8995
19.3137
20.3137
16.6569
16.2426
15.8284
15.4142
15
15
15
15
15
15
15
15
15
15
15
15
15
15
15
15
15
15
15
15.4142
15.8284
16.2426
16.6569
17.0711
17.4853
17.8995
18.3137
18.7279
19.1421
20.1421
21.1421
22.1421
20.7279
19.7279
18.7279
18.3137
17.8995
17.4853
17.0711
16.6569
16.2426
15.8284
15.4142
15
15
15
15
15
15
15
15
15
15
15
15
15
15
15
15
15
15
15
15
15
15
15
15
15
15
15
15
15
15
15
15
15
15
15
15
15
15
15
15
15
15
15
15
15
15
15
15
15
15
16.6569
16.2426
15.8284
15.4142
15
15
15
15
15
15
15
15
15
15
15
15
15
15
15
15
15
15
15
15
15
15
15.4142
15.8284
16.2426
16.6569
17.0711
17.4853
17.8995
18.3137
18.7279
19.7279
20.7279
15
15
15
15
15
15
15
15
15
15
15
15
15
15
15
15
15
15
15
15
15
15
15
15
15
15
15
15
15
15
15
15
15
15
15
15
15
15
15
15
15
15
15
15
15
15
15
15
15
15
15
15
15
15
15.8284
15.4142
15
15
15
15
15
15
15
15
15
15
15
15
15
15
15.4142
15.8284
16.2426
16.6569
17.0711
17.4853
17.8995
15.2426
14.8284
14.4142
14
14
14
14
14
14
14
14
14
14
14
14
14
14
14
14
14
14
14
14.4142
14.8284
15.2426
15.6569
16.0711
16.4853
16.8995
17.3137
17.7279
18.7279
19.7279
18.3137
17.3137
16.8995
16.4853
16.0711
15.6569
15.2426
14.8284
14.4142
14
14
14
14
14
14
14
14
14
14
14
14
14
14
14
14
14
14
14
14
14
14
14
14
14
14
14
14
14
14
14
14
14
14
14
14
14
14
14
14
14
14
14
14
14
14
14
14
14
14
14
14
15.6569
15.2426
14.8284
14.4142
14
14
14
14
14
14
14
14
14
14
14
14
14
14
14
14
14
14
14
14
14
14
14.4142
14.8284
15.2426
15.6569
16.0711
16.4853
16.8995
17.3137
18.3137
14
14
14
14
14
14
14
14
14
14
14
14
14
14
14
14
14
14
14
14
14
14
14
14
14
14
14
14
14
14
14
14
14
14
14
14
14
14
14
14
14
14
14
14
14
14
14
14
14
14
14
14
14
14
14
14
14.8284
14.4142
14
14
14
14
14
14
14
14
14
14
14
14
14
14
14.4142
14.8284
15.2426
15.6569
16.0711
16.4853
14.2426
13.8284
13.4142
13
13
13
13
13
13
13
13
13
13
13
13
13
13
13
13
13
13
13
13.4142
13.8284
14.2426
14.6569
15.0711
15.4853
15.8995
16.3137
17.3137
15.8995
15.4853
15.0711
14.6569
14.2426
13.8284
13.4142
13
13
13
13
13
13
13
13
13
13
13
13
13
13
13
13
13
13
13
13
13
13
13
13
13
13
13
13
13
13
13
13
13
13
13
13
13
13
13
13
13
13
13
13
13
13
13
13
13
13
13
13
13
13
13
14.2426
13.8284
13.4142
13
13
13
13
13
13
13
13
13
13
13
13
13
13
13
13
13
13
13
13
13
13
13.4142
13.8284
14.2426
14.6569
15.0711
15.4853
15.8995
16.8995
13
13
13
13
13
13
13
13
13
13
13
13
13
13
13
13
13
13
13
13
13
13
13
13
13
13
13
13
13
13
13
13
13
13
13
13
13
13
13
13
13
13
13
13
13
13
13
13
13
13
13
13
13
13
13
13
13
13
13.8284
13.4142
13
13
13
13
13
13
13
13
13
13
13
13
13
13
13.4142
13.8284
14.2426
14.6569
15.0711
12.8284
12.4142
12
12
12
12
12
12
12
12
12
12
12
12
12
12
12
12
12
12
12
12.4142
12.8284
13.2426
13.6569
14.0711
14.4853
14.8995
14.4853
14.0711
13.6569
13.2426
12.8284
12.4142
12
12
12
12
12
12
12
12
12
12
12
12
12
12
12
12
12
12
12
12
12
12
12
12
12
12
12
12
12
12
12
12
12
12
12
12
12
12
12
12
12
12
12
12
12
12
12
12
12
12
12
12
12
12
12
13.2426
12.8284
12.4142
12
12
12
12
12
12
12
12
12
12
12
12
12
12
12
12
12
12
12
12
12
12
12.4142
12.8284
13.2426
13.6569
14.0711
14.4853
15.4853
12
12
12
12
12
12
12
12
12
12
12
12
12
12
12
12
12
12
12
12
12
12
12
12
12
12
12
12
12
12
12
12
12
12
12
12
12
12
12
12
12
12
12
12
12
12
12
12
12
12
12
12
12
12
12
12
12
12
12
12
12.8284
12.4142
12
12
12
12
12
12
12
12
12
12
12
12
12
12
12.4142
12.8284
13.2426
13.6569
11.8284
11.4142
11
11
11
11
11
11
11
11
11
11
11
11
11
11
11
11
11
11
11
11.4142
11.8284
12.2426
12.6569
13.0711
13.4853
13.0711
12.6569
12.2426
11.8284
11.4142
11
11
11
11
11
11
11
11
11
11
11
11
11
11
11
11
11
11
11
11
11
11
11
11
11
11
11
11
11
11
11
11
11
11
11
11
11
11
11
11
11
11
11
11
11
11
11
11
11
11
11
11
11
11
11
11
11
11
12.2426
11.8284
11.4142
11
11
11
11
11
11
11
11
11
11
11
11
11
11
11
11
11
11
11
11
11
11
11.4142
11.8284
12.2426
12.6569
13.0711
14.0711
11
11
11
11
11
11
11
11
11
11
11
11
11
11
11
11
11
11
11
11
11
11
11
11
11
11
11
11
11
11
11
11
11
11
11
11
11
11
11
11
11
11
11
11
11
11
11
11
11
11
11
11
11
11
11
11
11
11
11
11
11.4142
11
11
11
11
11
11
11
11
11
11
11
11
11
11
11.4142
11.8284
12.2426
12.6569
10.8284
10.4142
10
10
10
10
10
10
10
10
10
10
10
10
10
10
10
10
10
10
10
10.4142
10.8284
11.2426
11.6569
12.0711
11.6569
11.2426
10.8284
10.4142
10
10
10
10
10
10
10
10
10
10
10
10
10
10
10
10
10
10
10
10
10
10
10
10
10
10
10
10
10
10
10
10
10
10
10
10
10
10
10
10
10
10
10
10
10
10
10
10
10
10
10
10
10
10
10
10
10
10
10.8284
10.4142
10
10
10
10
10
10
10
10
10
10
10
10
10
10
10
10
10
10
10
10
10
10
10.4142
10.8284
11.2426
11.6569
10
10
10
10
10
10
10
10
10
10
10
10
10
10
10
10
10
10
10
10
10
10
10
10
10
10
10
10
10
10
10
10
10
10
10
10
10
10
10
10
10
10
10
10
10
10
10
10
10
10
10
10
10
10
10
10
10
10
10
10
10
10
10.4142
10
10
10
10
10
10
10
10
10
10
10
10
10
10
10.4142
10.8284
11.2426
9.41421
9
9
9
9
9
9
9
9
9
9
9
9
9
9
9
9
9
9
9
9.41421
9.82843
10.2426
10.6569
10.2426
9.82843
9.41421
9
9
9
9
9
9
9
9
9
9
9
9
9
9
9
9
9
9
9
9
9
9
9
9
9
9
9
9
9
9
9
9
9
9
9
9
9
9
9
9
9
9
9
9
9
9
9
9
9
9
9
9
9
9
9
9
9
9
9
9
9
9.82843
9.41421
9
9
9
9
9
9
9
9
9
9
9
9
9
9
9
9
9
9
9
9
9
9
9.41421
9.82843
10.2426
10.6569
9
9
9
9
9
9
9
9
9
9
9
9
9
9
9
9
9
9
9
9
9
9
9
9
9
9
9
9
9
9
9
9
9
9
9
9
9
9
9
9
9
9
9
9
9
9
9
9
9
9
9
9
9
9
9
9
9
9
9
9
9
9
9
9.41421
9
9
9
9
9
9
9
9
9
9
9
9
9
9
9.41421
9.82843
8.41421
8
8
8
8
8
8
8
8
8
8
8
8
8
8
8
8
8
8
8
8.41421
8.82843
9.24264
8.82843
8.41421
8
8
8
8
8
8
8
8
8
8
8
8
8
8
8
8
8
8
8
8
8
8
8
8
8
8
8
8
8
8
8
8
8
8
8
8
8
8
8
8
8
8
8
8
8
8
8
8
8
8
8
8
8
8
8
8
8
8
8
8
8
8.82843
8.41421
8
8
8
8
8
8
8
8
8
8
8
8
8
8
8
8
8
8
8
8
8
8
8.41421
8.82843
9.24264
8
8
8
8
8
8
8
8
8
8
8
8
8
8
8
8
8
8
8
8
8
8
8
8
8
8
8
8
8
8
8
8
8
8
8
8
8
8
8
8
8
8
8
8
8
8
8
8
8
8
8
8
8
8
8
8
8
8
8
8
8
8
8
8
8.41421
8
8
8
8
8
8
8
8
8
8
8
8
8
8
8.41421
8.82843
7.41421
7
7
7
7
7
7
7
7
7
7
7
7
7
7
7
7
7
7
7
7.41421
7.82843
7.82843
7.41421
7
7
7
7
7
7
7
7
7
7
7
7
7
7
7
7
7
7
7
7
7
7
7
7
7
7
7
7
7
7
7
7
7
7
7
7
7
7
7
7
7
7
7
7
7
7
7
7
7
7
7
7
7
7
7
7
7
7
7
7
7
7.41421
7
7
7
7
7
7
7
7
7
7
7
7
7
7
7
7
7
7
7
7
7
7
7.41421
7.82843
7
7
7
7
7
7
7
7
7
7
7
7
7
7
7
7
7
7
7
7
7
7
7
7
7
7
7
7
7
7
7
7
7
7
7
7
7
7
7
7
7
7
7
7
7
7
7
7
7
7
7
7
7
7
7
7
7
7
7
7
7
7
7
7
7.41421
7
7
7
7
7
7
7
7
7
7
7
7
7
7
7.41421
6
6
6
6
6
6
6
6
6
6
6
6
6
6
6
6
6
6
6
6.41421
6.82843
6.41421
6
6
6
6
6
6
6
6
6
6
6
6
6
6
6
6
6
6
6
6
6
6
6
6
6
6
6
6
6
6
6
6
6
6
6
6
6
6
6
6
6
6
6
6
6
6
6
6
6
6
6
6
6
6
6
6
6
6
6
6
6
6
6
6
6.41421
6
6
6
6
6
6
6
6
6
6
6
6
6
6
6
6
6
6
6
6
6
6
6.41421
6.82843
6
6
6
6
6
6
6
6
6
6
6
6
6
6
6
6
6
6
6
6
6
6
6
6
6
6
6
6
6
6
6
6
6
6
6
6
6
6
6
6
6
6
6
6
6
6
6
6
6
6
6
6
6
6
6
6
6
6
6
6
6
6
6
6
6
6.41421
6
6
6
6
6
6
6
6
6
6
6
6
6
6
6.41421
5
5
5
5
5
5
5
5
5
5
5
5
5
5
5
5
5
5
5
5.41421
5.41421
5
5
5
5
5
5
5
5
5
5
5
5
5
5
5
5
5
5
5
5
5
5
5
5
5
5
5
5
5
5
5
5
5
5
5
5
5
5
5
5
5
5
5
5
5
5
5
5
5
5
5
5
5
5
5
5
5
5
5
5
5
5
5
5
5.41421
5
5
5
5
5
5
5
5
5
5
5
5
5
5
5
5
5
5
5
5
5
5
5.41421
5
5
5
5
5
5
5
5
5
5
5
5
5
5
5
5
5
5
5
5
5
5
5
5
5
5
5
5
5
5
5
5
5
5
5
5
5
5
5
5
5
5
5
5
5
5
5
5
5
5
5
5
5
5
5
5
5
5
5
5
5
5
5
5
5
5
5.41421
5
5
5
5
5
5
5
5
5
5
5
5
5
5
5.41421
4
4
4
4
4
4
4
4
4
4
4
4
4
4
4
4
4
4
4
4.41421
4.41421
4
4
4
4
4
4
4
4
4
4
4
4
4
4
4
4
4
4
4
4
4
4
4
4
4
4
4
4
4
4
4
4
4
4
4
4
4
4
4
4
4
4
4
4
4
4
4
4
4
4
4
4
4
4
4
4
4
4
4
4
4
4
4
4
4.41421
4
4
4
4
4
4
4
4
4
4
4
4
4
4
4
4
4
4
4
4
4
4
4.41421
4
4
4
4
4
4
4
4
4
4
4
4
4
4
4
4
4
4
4
4
4
4
4
4
4
4
4
4
4
4
4
4
4
4
4
4
4
4
4
4
4
4
4
4
4
4
4
4
4
4
4
4
4
4
4
4
4
4
4
4
4
4
4
4
4
4
4.41421
4
4
4
4
4
4
4
4
4
4
4
4
4
4
3
3
3
3
3
3
3
3
3
3
3
3
3
3
3
3
3
3
3
3.41421
3
3
3
3
3
3
3
3
3
3
3
3
3
3
3
3
3
3
3
3
3
3
3
3
3
3
3
3
3
3
3
3
3
3
3
3
3
3
3
3
3
3
3
3
3
3
3
3
3
3
3
3
3
3
3
3
3
3
3
3
3
3
3
3
3.41421
3
3
3
3
3
3
3
3
3
3
3
3
3
3
3
3
3
3
3
3
3
3
3
3
3
3
3
3
3
3
3
3
3
3
3
3
3
3
3
3
3
3
3
3
3
3
3
3
3
3
3
3
3
3
3
3
3
3
3
3
3
3
3
3
3
3
3
3
3
3
3
3
3
3
3
3
3
3
3
3
3
3
3
3
3
3
3
3
3
3
3
3
3
3
3
3
3
3
3
3
3
3
2
2
2
2
2
2
2
2
2
2
2
2
2
2
2
2
2
2
2
2.41421
2
2
2
2
2
2
2
2
2
2
2
2
2
2
2
2
2
2
2
2
2
2
2
2
2
2
2
2
2
2
2
2
2
2
2
2
2
2
2
2
2
2
2
2
2
2
2
2
2
2
2
2
2
2
2
2
2
2
2
2
2
2
2
2
2.41421
2
2
2
2
2
2
2
2
2
2
2
2
2
2
2
2
2
2
2
2
2
2
2
2
2
2
2
2
2
2
2
2
2
2
2
2
2
2
2
2
2
2
2
2
2
2
2
2
2
2
2
2
2
2
2
2
2
2
2
2
2
2
2
2
2
2
2
2
2
2
2
2
2
2
2
2
2
2
2
2
2
2
2
2
2
2
2
2
2
2
2
2
2
2
2
2
2
2
2
2
2
2
1
1
1
1
1
1
1
1
1
1
1
1
1
1
1
1
1
1
1
1
1
1
1
1
1
1
1
1
1
1
1
1
1
1
1
1
1
1
1
1
1
1
1
1
1
1
1
1
1
1
1
1
1
1
1
1
1
1
1
1
1
1
1
1
1
1
1
1
1
1
1
1
1
1
1
1
1
1
1
1
1
1
1
1
1.41421
1
1
1
1
1
1
1
1
1
1
1
1
1
1
1
1
1
1
1
1
1
1
1
1
1
1
1
1
1
1
1
1
1
1
1
1
1
1
1
1
1
1
1
1
1
1
1
1
1
1
1
1
1
1
1
1
1
1
1
1
1
1
1
1
1
1
1
1
1
1
1
1
1
1
1
1
1
1
1
1
1
1
1
1
1
1
1
1
1
1
1
1
1
1
1
1
1
1
1
1
1
1
0
0
0
0
0
0
0
0
0
0
0
0
0
0
0
0
0
0
0
0
0
0
0
0
0
0
0
0
0
0
0
0
0
0
0
0
0
0
0
0
0
0
0
0
0
0
0
0
0
0
0
0
0
0
0
0
0
0
0
0
0
0
0
0
0
0
0
0
0
0
0
0
0
0
0
0
0
0
0
0
0
0
0
0
0
0
0
0
0
0
0
0
0
0
0
0
0
0
0
0
0
0
0
0
0
0
0
0
0
0
0
0
0
0
0
0
0
0
0
0
0
0
0
0
0
0
0
0
0
0
0
0
0
0
0
0
0
0
0
0
0
0
0
0
0
0
0
0
0
0
0
0
0
0
0
0
0
0
0
0
0
0
0
0
0
0
0
0
0
0
0
0
0
0
0
0
0
0
0
0
0
0
0
0
0
0
