0
0
0
0
0
0
0
0
0
0
0
0
0
0
0
0
0
0
0
0
1
1
1
1
1
1
1
1
1
1
1
1
1
1
1
1
1.41421
1
1
1
1
2
2
2
2
2
2
2
2
2
2
2
2
2.41421
2
2
2
2
2.41421
2.82843
2.41421
2
2
2
3
3
3.41421
3
3
3
3
3.41421
3
3
3.41421
3
3
3
3.41421
3
3
3
3.41421
3.82843
4.24264
3.82843
3
3
3
3
3
3
3
3
3
3
3
3
3
4.41421
4
4
4
4
4
4
4
4
4
4
4
4.41421
4.41421
4
4.41421
4
4.41421
4.41421
4
4.41421
4
4
4
4.41421
4.41421
4
4
4
4
4
4
4
4
4
4
4
4
4
4
4
4
4
4
4
4
4
4.41421
5.82843
5.41421
5
5
5
5
5
5.41421
5.82843
5.41421
5.41421
5.41421
5
5.41421
5.82843
5.82843
5.41421
5.41421
5.41421
5
5
5.41421
5
5.41421
5.82843
5.41421
5
5.41421
5
5
5
5
5
5
5
5
5
5
5
5
5
5
5
5.41421
7.24264
6.82843
6
6
6
6
6.41421
6.82843
7.24264
6.82843
6.41421
6.82843
6.41421
6.82843
7.24264
7.24264
6.82843
6.41421
6.82843
6.41421
6
6.41421
6.41421
6.82843
7.24264
6.82843
6.41421
6.41421
6.41421
6
6
6
6
6
6
6
6
6
6
6
6.41421
6.82843
9.65685
8.65685
8.24264
7
7
7
7.82843
8.24264
9.24264
8.65685
8.24264
7.82843
7.82843
7.41421
8.24264
8.65685
9.65685
10.6569
11.6569
10.6569
9.65685
8.65685
8.24264
7.82843
8.24264
7.82843
7.41421
7.41421
7.41421
8.24264
8.65685
8.24264
7.82843
7.41421
7.41421
7
7
7
7
7
7
7
7
7
7
7
7.82843
13.0711
12.0711
11.0711
10.0711
8
8
8
9.65685
10.6569
11.6569
11.0711
10.0711
9.65685
8.82843
9.24264
9.24264
8.82843
12.0711
12.0711
11.0711
9.24264
9.65685
25.3137
26.3137
27.3137
28.3137
29.3137
30.3137
29.7279
28.7279
27.7279
26.7279
9.24264
8.82843
8.41421
8.82843
8.82843
8.41421
9.65685
10.0711
11.0711
10.6569
9.65685
9.24264
8.41421
8.82843
8.82843
8.41421
8
8
8
8
8
8
8
8
8
8.82843
9.24264
13.4853
9
9
12.0711
13.0711
14.0711
13.4853
12.4853
11.4853
10.2426
10.6569
10.6569
10.2426
10.6569
11.0711
12.0711
21.8995
22.8995
23.8995
24.8995
26.3137
25.3137
24.3137
10.6569
10.2426
9.82843
10.2426
9.82843
11.4853
12.4853
13.4853
14.0711
13.0711
12.0711
11.0711
9.82843
9.82843
9
9
9
9
9
9
9
9
10.2426
10.6569
13.8995
10
10
11.6569
12.0711
12.0711
11.6569
12.4853
13.4853
14.4853
15.4853
16.4853
17.4853
18.4853
19.4853
20.4853
21.4853
23.8995
22.8995
21.8995
20.8995
13.0711
12.0711
11.6569
10.8284
11.2426
11.6569
11.2426
10.8284
11.2426
11.2426
10.8284
10
10
10
10
10
10
10
10
11.6569
12.0711
14.3137
11
11
13.0711
13.4853
14.4853
14.4853
13.4853
13.0711
20.4853
19.4853
18.4853
17.4853
16.4853
15.4853
14.4853
13.4853
12.2426
12.6569
13.0711
12.6569
12.2426
12.6569
12.2426
11
11
11
11
11
11
11
13.0711
13.4853
14.4853
15.3137
12
12
14.8995
15.8995
16.8995
17.8995
18.8995
19.8995
18.8995
17.8995
16.8995
15.8995
14.8995
13.6569
14.0711
15.0711
14.4853
14.0711
13.6569
14.0711
13.6569
13.2426
12
12.4142
12.8284
13.2426
12.8284
12.4142
12
12
12
12
12
12
12
12
14.8995
15.8995
16.8995
16.3137
13
13
14.6569
15.0711
15.4853
15.8995
15.8995
15.4853
15.0711
14.6569
14.2426
13.8284
13.4142
13
15.4853
16.4853
17.4853
16.8995
15.8995
15.4853
15.0711
15.4853
15.0711
14.6569
13
13
13
13.4142
13
13
13
13
13
13
13.4142
13
13
13
17.3137
18.3137
19.3137
20.3137
17.3137
14
14
16.8995
17.3137
17.3137
16.8995
16.4853
16.0711
15.6569
14.8284
15.2426
15.6569
14
14
14
14
14
17.8995
18.8995
19.8995
20.8995
20.3137
19.3137
18.3137
17.3137
16.4853
16.8995
16.4853
16.0711
14
14
14
14
14
14
14
14.4142
14
14
20.7279
19.7279
18.7279
17.7279
15
15.4142
15
17.0711
17.4853
17.8995
16.6569
16.2426
15.8284
15.4142
15.8284
15
15
15
15
17.8995
18.3137
18.8995
17.8995
17.4853
15
15
15
15
15.4142
15
15
15
15.4142
15.4142
15
15
19.3137
18.8995
16
16.4142
16.4142
17.6569
18.0711
16.8284
16.4142
18.0711
18.4853
18.8995
19.3137
19.7279
20.1421
20.5563
21.5563
16
16.4142
16
16
16
16
19.3137
19.7279
20.7279
21.3137
20.3137
19.3137
16
16
16
16
16.4142
16
16.4142
16.8284
16.4142
16
16.4142
16
19.7279
19.8995
19.4853
19.0711
18.6569
17.4142
17.8284
17.8284
17.4142
18.2426
18.6569
17.4142
17
18.2426
18.6569
19.0711
21.9706
21.5563
17
17
17
17
17
17
21.1421
22.1421
23.1421
24.1421
25.1421
26.1421
25.7279
24.7279
23.7279
22.7279
21.7279
17
17
17
17.4142
17.8284
17
17
17.4142
17.8284
17.8284
17
17.4142
20.7279
19.6569
19.2426
18.8284
18.8284
19.2426
20.2426
20.2426
19.2426
18.8284
18.8284
19.2426
18
18
18.8284
19.2426
22.5563
22.1421
18
18
18
18.4142
18
18
18
18.8284
19.2426
18
18
18.8284
19.2426
20.2426
19.2426
18.8284
18
18.4142
21.7279
19.8284
19.4142
20.6569
21.6569
22.6569
23.6569
23.6569
22.6569
21.6569
20.6569
19.8284
19
19.4142
19.8284
23.1421
22.7279
19
19.4142
19.8284
19
19
20.2426
20.6569
19
20.2426
20.6569
21.6569
21.6569
20.6569
19
19.4142
19.8284
19.4142
22.7279
20.4142
20.4142
20.8284
20
20
20.4142
23.7279
23.3137
20
20
20.8284
21.2426
20
20
20
21.6569
22.0711
20
20
22.0711
23.0711
24.0711
25.0711
26.0711
25.0711
24.0711
23.0711
22.0711
20.4142
20.8284
23.7279
21.4142
21
21.4142
21
21
21
24.3137
21
22.2426
22.6569
22.6569
23.0711
23.4853
23.8995
24.3137
24.3137
23.8995
23.4853
21
21
23.0711
23.4853
21
21.4142
21.8284
22.2426
21.8284
24.7279
22
22.4142
22
22
25.3137
22
23.6569
24.0711
22.4142
22.8284
23.2426
23.6569
24.4853
24.0711
23.6569
23.2426
22
22
24.4853
24.8995
22
22.8284
23.2426
23.6569
23.2426
25.7279
23
23.4142
23
23
26.3137
23
25.0711
25.4853
23
23.4142
24.2426
23.8284
23.4142
23
23
23
25.8995
23
23
24.2426
24.6569
25.6569
25.0711
24.6569
26.7279
24
24.4142
24.4142
24
24
27.3137
24
24.4142
26.4853
24
24
24.4142
24
24
24
26.8995
27.3137
24
26.0711
27.0711
28.0711
27.4853
26.4853
26.0711
27.7279
25
25.4142
25.4142
25
28.3137
25.4142
27.4853
25
25
25
25
25
25
28.3137
28.7279
25
25
27.8995
27.4853
27.0711
26.6569
26.2426
25.8284
25.4142
25
28.4853
29.4853
30.4853
31.4853
30.8995
29.8995
28.8995
27.8995
28.7279
26
26.4142
26.8284
26.4142
26
29.3137
26.4142
28.4853
28.8995
26
26
26
26
26.4142
26.8284
27.2426
27.6569
28.0711
26
26
26
26
26
29.7279
26
29.7279
29.3137
28.8995
26
26
26
29.7279
27
27.8284
27.8284
27.4142
27
30.3137
27.4142
27.8284
29.8995
27
27
27
29.0711
29.4853
29.8995
27
27
27
27
27
27
27
30.7279
31.1421
27
29.8995
30.3137
30.7279
27
27
27
27
27
27
27
27
27
30.7279
28.4142
28
28.8284
29.2426
28.8284
28
31.7279
31.3137
28.8284
29.2426
30.8995
28
28
30.8995
31.3137
31.7279
28
28
28
28
28
32.1421
28
30.4853
30.8995
28
28
28
28
28
28
28
28
28
28.4142
28.8284
31.7279
29.4142
30.2426
30.6569
30.2426
29.8284
29
29.4142
32.7279
30.2426
30.6569
31.8995
29.8284
29.4142
29
32.7279
33.1421
29
29
29
29
34.3848
33.9706
33.5563
33.1421
32.7279
32.3137
31.8995
31.4853
31.0711
29
29.4142
29
33.1421
33.5563
29
31.4853
29
29.4142
29
29.8284
30.2426
30.6569
31.0711
32.7279
30.8284
30.4142
31.6569
32.0711
32.6569
31.6569
31.2426
30.4142
30.8284
34.1421
33.7279
31.6569
32.0711
33.0711
32.8995
31.2426
30.8284
34.1421
34.5563
30
30
30
36.2132
35.799
35.3848
32.0711
31.6569
31.2426
30.4142
30
34.5563
30
30
32.0711
32.4853
30
30
31.2426
30.8284
30.4142
32.0711
32.4853
32.8995
33.3137
33.7279
33.7279
32.2426
31.8284
33.0711
33.4853
34.4853
35.4853
36.4853
36.0711
35.0711
34.0711
33.0711
31.8284
32.2426
35.5564
35.1421
33.4853
34.4853
35.4853
33.8995
33.0711
32.6569
32.2426
35.5563
35.5563
31
31
36.799
37.2132
32.2426
31.8284
31.4142
31
31
35.5563
31
33.0711
31
32.2426
34.7279
35.1421
35.5563
35.9706
35.5563
35.1421
34.7279
34.6569
33.6569
33.2426
36.8995
37.4853
36.4853
33.2426
33.6569
36.9706
36.5564
35.8995
36.8995
37.8995
38.8995
39.8995
35.3137
34.8995
40.2843
39.8701
39.4558
39.0416
38.6274
38.2132
37.799
37.3848
36.9706
36.5563
35.3137
34.8995
34.4853
34.0711
36.5563
36.1421
32
32
32
37.3848
37.799
32.8284
32.4142
32.4142
32
36.5563
32
33.6569
34.0711
32
32
33.6569
33.2426
36.1421
35.7279
37.1421
37.0711
36.0711
35.0711
33
33
33
33.4142
33.8284
34.2426
34.6569
34.6569
35.0711
36.0711
38.3848
37.9706
40.3137
41.3137
42.3137
43.3137
44.3137
36.3137
42.1127
41.6985
41.2843
37.5563
37.1421
36.7279
36.3137
37.1421
36.7279
33
33
37.9706
38.3848
33.4142
33
33.4142
33.8284
33
37.5563
33
34.6569
33
34.6569
38.1421
34.8284
34.4142
34
35.6569
36.0711
36.4853
36.4853
37.4853
38.4853
39.799
39.3848
44.7279
45.7279
46.7279
37.3137
43.1127
43.1127
37.7279
37.3137
34
34
38.5563
38.9706
34
34.8284
34
34
38.5563
34
35.6569
34
36.0711
35.6569
38.8995
36.2426
35.8284
37.4853
37.8995
38.8995
39.8995
40.799
40.3848
39.9706
47.1421
48.1421
38.3137
43.6985
44.1127
38.3137
37.8995
35
35.4142
35
39.5563
35
35
35.8284
35
39.5563
35
36.6569
35
37.0711
39.3137
37.2426
38.8995
38.8995
38.4853
38.8995
39.3137
40.9706
40.5564
40.1421
39.7279
48.5564
49.5564
39.3137
44.2843
44.6985
38.8995
38.4853
36.4142
36
40.1421
40.5563
36
36.8284
37.2426
36
40.5563
36
37.6569
36
38.0711
40.3137
38.6569
38.2426
39.8995
39.4853
39.0711
39.4853
40.7279
40.3137
39.8995
49.9706
50.9706
40.3137
44.87
45.2843
39.4853
37.4142
37
41.1421
37
38.2426
37
37
41.5563
37
38.6569
37
39.0711
41.3137
39.6569
40.4853
39.6569
40.0711
40.8995
40.4853
40.0711
39.6569
51.3848
52.3848
41.7279
41.3137
45.87
40.4853
40.0711
38.4142
38.8284
38
42.1421
38
39.2426
38
42.5563
38
39.6569
38
40.0711
42.3137
40.6569
41.4853
41.4853
41.8995
42.3137
40.6569
40.6569
40.2426
39.8284
39.4142
52.799
42.7279
46.87
41.0711
40.6569
39.8284
39
43.1421
39
40.2426
39
43.5563
39
40.6569
39.4142
39
41.0711
43.3137
42.0711
41.6569
42.4853
40.8284
41.2426
41.6569
42.0711
42.4853
43.3137
43.7279
43.7279
43.3137
41.2426
41.6569
40.4142
40
40
53.2132
43.7279
47.87
41.6569
40.8284
41.2426
40
44.1421
40
41.2426
41.6569
40
44.5563
40
41.6569
42.0711
40.4142
42.0711
42.4853
44.3137
43.0711
43.4853
41
41.4142
41.8284
44.3137
43.8995
43.4853
41.8284
42.2426
41
41
41
41
53.6274
44.7279
48.87
42.6569
42.2426
42.6569
41
45.1421
41
42.6569
41
45.1421
45.5563
41
43.0711
41.8284
41.4142
43.4853
45.3137
44.0711
44.4853
42
42
44.4853
44.0711
42.8284
42
42
42
42
54.0416
45.7279
49.87
43.6569
43.2426
43.6569
44.0711
42.4142
42
46.1421
42
43.6569
42
42
46.1421
42
44.0711
44.4853
43.2426
42.8284
44.4853
46.3137
45.0711
45.4853
45.4853
43.4142
43
43
45.0711
43.8284
43
43
43
43.4142
54.4559
46.7279
50.87
83.0833
84.0833
83.2843
44.2426
45.0711
45.4853
43.4142
47.1421
43
44.6569
45.0711
43
47.1421
43
45.4853
45.8995
44.6569
44.2426
45.4853
45.8995
47.3137
46.4853
46.8995
46.4853
44.8284
44.4142
46.0711
45.6569
44.8284
44.4142
44.8284
45.2426
54.8701
47.7279
51.87
80.6691
81.6691
82.6691
82.8701
81.8701
80.8701
79.8701
45.2426
46.4853
46.8995
44.8284
44.4142
48.1421
44
46.0711
44.4142
44
48.1421
44
46.8995
47.3137
46.0711
45.6569
46.8995
47.3137
48.3137
47.4853
47.8995
46.2426
45.8284
46.6569
45.8284
46.2426
46.6569
47.0711
55.2843
48.7279
52.87
79.2548
80.2548
79.4559
78.4559
46.2426
47.8995
48.3137
49.3137
46.2426
45.8284
49.1421
45.4142
45
47.0711
47.4853
45.4142
49.1421
45
48.3137
48.7279
49.7279
49.4853
48.4853
47.4853
47.0711
48.3137
48.7279
49.3137
48.4853
48.8995
49.3137
48.8995
47.6569
47.2426
47.6569
46.8284
48.0711
48.4853
48.8995
55.6985
49.7279
53.87
54.2843
77.8406
78.8406
78.0416
77.0416
47.2426
49.7279
50.7279
51.7279
48.6569
47.6569
47.2426
50.1421
50.5563
46.4142
48.4853
46.4142
49.7279
50.1421
46
50.1421
51.1421
52.1421
53.1421
52.8995
51.8995
50.8995
49.8995
49.7279
50.1421
50.3137
49.8995
50.3137
50.7279
50.3137
49.0711
48.6569
48.6569
47.8284
49.8995
50.3137
56.1127
50.7279
55.2843
55.6985
76.4264
77.4264
76.6274
75.6274
48.2426
52.1422
53.1422
54.1422
55.1422
52.0711
51.0711
50.0711
49.0711
51.5563
47.8284
47.4142
49.4853
49.8995
47.4142
50.7279
47
51.1421
51.5564
52.5564
51.3137
51.3137
51.7279
52.7279
53.1421
52.1421
51.7279
50.0711
49.6569
48.8284
51.3137
51.7279
57.1127
52.1421
51.7279
56.6985
75.0122
76.0122
75.2132
74.2132
49.6569
49.2426
55.5564
56.5564
56.4853
55.4853
54.4853
53.4853
52.4853
52.5563
52.9706
48.8284
50.8995
48.8284
48.4142
51.7279
48
52.9706
53.9706
54.9706
52.3137
53.1421
54.1421
55.1421
56.1421
55.5564
54.5564
53.5564
51.4853
51.0711
50.6569
49.8284
52.7279
53.1421
58.1127
53.1421
57.6985
58.1127
73.598
74.598
73.799
72.799
50.6569
53.9706
54.3848
50.2426
49.8284
51.8995
52.3137
49.8284
52.7279
49
55.3848
56.3848
57.3848
58.3848
59.3848
53.3137
52.8995
52.4853
51.6569
50.8284
51.2426
54.1421
54.5564
59.1127
54.1421
59.1127
59.5269
60.5269
71.1838
72.1838
73.1838
72.3848
71.3848
52.0711
51.6569
55.3848
55.799
51.6569
51.2426
53.3137
53.7279
51.2426
50.8284
53.7279
50
53.7279
53.3137
52.8995
52.4853
52.0711
51.6569
51.2426
50.8284
50.4142
50
59.799
60.799
61.799
62.799
63.799
64.799
64.7279
63.7279
62.7279
61.7279
60.7279
59.7279
58.7279
57.7279
56.7279
55.7279
54.7279
53.7279
53.8995
52.6569
52.2426
55.5564
55.9706
60.1127
60.5269
55.1421
60.9411
61.9411
62.9411
63.9411
67.7696
68.7696
69.7696
70.7696
70.9706
69.9706
53.4853
53.0711
56.799
57.2132
54.0711
53.0711
52.6569
54.7279
55.1422
56.1422
53.6569
52.6569
52.2426
54.7279
51
55.9706
55.5564
55.1422
54.7279
51
51.4142
51.8284
52.2426
52.6569
55.3137
54.8995
53.6569
53.2426
53.6569
56.9706
61.5269
56.5564
56.1421
64.3553
65.3553
66.3553
67.3553
69.5564
68.5564
67.5564
54.8995
54.4853
58.2132
58.6274
59.6274
60.6274
57.4853
56.4853
55.4853
54.4853
56.5564
57.5564
58.5564
58.0711
57.0711
56.0711
55.0711
54.0711
55.7279
52
56.9706
56.9706
53.6569
54.0711
54.4853
54.8995
56.7279
56.3137
54.6569
54.6569
55.0711
57.9706
62.5269
62.9412
57.9706
57.5564
67.1421
66.1421
56.3137
55.8995
61.0416
60.8995
59.8995
58.8995
57.8995
56.7279
53
57.1421
57.5564
57.9706
55.8995
56.3137
57.7279
56.0711
55.6569
56.0711
56.4853
58.9706
59.3848
63.9412
64.3554
59.3848
58.9706
65.7279
64.7279
63.7279
62.7279
61.7279
60.7279
59.7279
58.7279
57.7279
57.3137
57.7279
58.1421
54
57.7279
58.1421
57.3137
57.7279
58.7279
57.0711
57.4853
57.8995
58.8995
60.3848
65.3554
65.7696
65.6274
61.799
60.799
60.3848
59.1421
55
58.3137
58.7279
58.7279
59.1421
60.1421
59.7279
58.4853
58.0711
59.3137
60.3137
61.3137
62.3137
61.3848
65.2132
64.2132
63.2132
62.2132
61.3848
61.799
62.2132
62.6274
63.0416
63.4558
63.87
64.2843
64.6985
65.1127
65.5269
60.1422
59.7279
59.3137
58.8995
58.4853
58.0711
57.6569
57.2426
56.8284
60.1421
56.4142
56
59.3137
60.1421
60.1421
61.1421
59.8995
59.4853
62.7279
63.7279
64.7279
65.7279
62.3848
61.5563
61.9706
62.3848
66.5269
66.9411
67.3553
61.9706
61.5564
61.1422
57.8284
57.4142
61.1421
61.5564
57.4142
60.3137
61.1421
62.1421
60.8995
66.1421
67.1421
68.1421
69.1421
63.3848
61.7279
62.1421
62.5563
68.3553
68.7696
69.1838
63.799
63.3848
62.9706
58.4142
58
59.6569
59.2426
58.8284
58.4142
58
58
58
58
58
58
58
58
62.5564
62.9706
58.4142
60.8995
61.3137
62.1421
61.7279
63.5564
63.1421
62.3137
61.8995
69.5564
70.5564
71.5564
72.5564
64.3848
62.3137
62.7279
70.1838
70.598
64.3848
64.799
59
59
61.4853
61.0711
60.6569
59
59.4142
59.8284
60.2426
63.9706
59.8284
59.4142
61.8995
62.7279
64.5564
63.7279
63.3137
60
60
60
60
60
60
60
60
72.9706
73.9706
74.9706
75.9706
65.799
65.3848
62.8995
63.3137
71.598
72.0122
64.9706
65.3848
60
60.4142
62.8995
62.4853
61.2426
61.6569
62.0711
64.9706
65.3848
61.2426
60.8284
62.8995
63.7279
65.5564
64.7279
61
61
61
61
61.4142
76.3848
77.3848
78.3848
66.799
63.8995
73.0122
73.4264
65.9706
61.4142
64.7279
64.3137
63.8995
63.0711
63.4853
66.3848
66.799
67.799
62.6569
62.2426
63.8995
64.7279
66.5564
66.1421
65.7279
62.4142
62
62.4142
62.8284
63.2426
78.799
79.799
80.799
68.2132
67.799
65.3137
64.8995
74.4264
74.8406
72.0416
71.0416
70.0416
69.0416
68.6274
68.2132
66.5564
66.9706
62.4142
65.7279
64.4853
64.8995
68.2132
69.2132
70.2132
65.0711
64.0711
63.6569
64.8995
65.7279
66.3137
65.8995
65.4853
67.5564
67.5564
67.1421
63.8284
63.4142
64.2426
81.2132
82.2132
83.2132
69.6274
69.2132
66.3137
75.8406
75.4559
74.4559
73.4559
72.4559
69.2132
68.799
68.3848
67.1422
67.5564
63.4142
67.1422
66.7279
65.8995
66.3137
70.6274
71.4853
70.4853
69.4853
68.4853
67.4853
66.4853
65.4853
65.8995
66.3137
66.7279
70.8701
71.2843
71.6985
72.1127
71.6985
71.2843
66.7279
66.4853
66.0711
66.4853
68.5564
68.9706
68.9706
68.5564
65.2426
64.8284
65.2426
65.6569
83.6274
83.8701
82.8701
81.8701
72.0416
71.0416
70.6274
67.3137
76.8406
76.8701
75.8701
69.3848
68.9706
68.5564
67.7279
68.1422
64.4142
68.1422
67.3137
67.7279
67.3137
68.1421
67.7279
70.6274
71.0416
71.4559
71.8701
72.2843
71.8701
71.4559
67.7279
67.4853
67.8995
68.3137
69.9706
70.3848
69.9706
66.2426
66.6569
81.4559
80.4559
79.4559
78.4559
77.4559
76.4559
75.4559
74.4559
73.4559
72.4559
68.3137
77.8406
78.2548
78.2843
77.2843
69.5564
69.1421
68.7279
65.4142
69.5564
69.1422
68.7279
68.3137
68.7279
69.5564
69.1421
71.2132
71.6274
72.4559
72.0416
68.7279
69.3137
69.7279
70.9706
71.799
71.3848
67.6569
67.2426
67.6569
68.0711
69.3137
79.2548
79.6985
78.6985
70.1421
69.7279
69.3137
69.7279
66.4142
70.5564
69.7279
70.1422
69.7279
70.1421
70.5564
71.799
72.2132
73.0416
72.6274
69.7279
70.7279
71.9706
72.3848
73.2132
72.799
68.6569
69.0711
70.3137
80.2548
81.1127
80.1127
70.7279
70.3137
67.4142
71.5564
71.1422
71.1421
71.5564
72.9706
71.9706
71.5564
72.3848
72.799
73.6274
73.2132
70.7279
71.7279
73.3848
73.799
74.6274
74.2132
69.6569
70.0711
71.3137
81.2548
81.5269
71.7279
71.3137
70.8995
71.3137
68.4142
72.5564
72.1422
68.8284
69.2426
69.6569
70.0711
70.4853
70.8995
71.3137
71.7279
72.1421
72.5564
72.9706
73.3848
72.5564
72.9706
73.9706
74.3848
73.3848
73.3848
74.2132
71.7279
72.7279
73.1421
74.799
75.2132
77.0416
76.0416
75.6274
71.0711
70.6569
71.0711
72.3137
82.2548
82.9412
82.5269
72.3137
71.8995
69.8284
69.4142
73.5564
73.1422
69
69.4142
69.8284
74.3848
74.799
75.2132
69
69
69
69
69
74.3848
75.3848
76.3848
75.799
74.799
74.3848
75.2132
74.799
72.7279
74.1421
76.2132
76.6274
77.6274
78.6274
80.4559
79.4559
78.4559
77.4559
72.0711
72.0711
73.3137
73.7279
83.2548
83.9412
73.3137
72.8995
72.4853
72.8995
70.8284
74.5564
74.1422
70
70
76.2132
76.3848
70
70
70
70
76.799
77.799
77.2132
76.2132
74.9706
75.3848
75.799
73.7279
75.1421
79.0416
80.0416
81.0416
81.8701
80.8701
73.0711
73.0711
74.7279
84.2548
85.3554
84.9412
73.8995
73.4853
71.8284
75.5564
75.1422
71
71
76.799
76.3848
71
71
78.2132
79.2132
77.6274
75.9706
76.799
74.7279
76.1421
74.0711
74.4853
74.4853
74.0711
75.7279
76.1421
85.6691
85.2548
86.3554
74.8995
74.0711
74.4853
73.2426
72.8284
76.5564
76.1422
72
72
77.3848
76.9706
72
72
79.6274
79.0416
78.6274
76.9706
77.799
75.7279
77.1421
75.4853
75.4853
77.1421
77.5564
86.6691
87.3554
75.8995
75.4853
75.0711
74.2426
77.5564
77.9706
77.1422
73
77.9706
77.5564
73
73
80.0416
80.0416
79.6274
77.9706
78.799
76.7279
78.5564
78.1421
76.4853
76.8995
76.4853
78.5564
78.9706
88.0833
87.6691
88.3554
76.4853
76.0711
75.6569
75.2426
78.9706
78.1422
74
74
78.5564
74
74.4142
74.4142
74
80.6274
81.0416
80.6274
80.2132
78.9706
79.3848
80.2132
79.799
77.7279
79.5564
77.4853
77.8995
77.8995
83.6985
83.2843
82.8701
82.4559
82.0416
79.9706
80.3848
89.4975
89.0833
89.3554
77.4853
76.6569
77.0711
77.0711
76.6569
79.9706
80.3848
79.5564
79.1422
75
79.5564
79.1422
75.4142
75.8284
76.8284
75.8284
75.4142
81.2132
81.6274
81.2132
80.799
80.3848
81.2132
78.7279
80.9706
80.5564
78.8995
79.3137
79.3137
78.8995
85.9412
86.3554
86.7696
84.6985
85.1127
85.1127
84.6985
83.0416
82.6274
82.2132
81.3848
81.799
90.9117
90.4975
90.7696
90.3554
78.4853
77.6569
78.0711
81.3848
81.799
80.5564
76
80.1422
81.799
82.2132
81.799
81.3848
80.9706
81.3848
81.799
82.6274
82.2132
79.7279
82.3848
81.9706
80.3137
80.7279
80.7279
80.3137
84.8701
85.2843
85.6985
86.1127
86.5269
86.9412
87.7696
88.1838
88.598
89.0122
89.0122
85.2843
85.6985
83.2132
82.799
82.799
83.2132
84.2132
92.3259
91.9117
91.7696
79.4853
78.6569
79.4853
79.0711
82.799
83.2132
81.9706
81.5564
77
81.1422
80.7279
81.9706
82.3848
82.799
81.9706
81.5564
81.1421
82.799
83.2132
84.0416
83.6274
80.7279
84.799
83.799
83.3848
85.8701
86.2843
86.6985
86.6985
86.2843
85.8701
85.4559
85.0416
84.6274
84.2132
81.7279
82.1421
83.1421
82.1421
81.7279
85.0416
85.4559
85.8701
90.0122
89.598
85.8701
86.2843
83.799
83.3848
84.6274
85.6274
86.6274
87.6274
95.4559
94.7401
93.7401
93.3259
92.7696
80.4853
79.6569
80.4853
84.2132
84.6274
83.3848
82.9706
78
81.7279
82.5564
82.9706
82.1421
81.7279
84.2132
84.6274
85.4559
85.0416
81.7279
83.1421
84.1421
85.1421
85.2132
86.0416
86.4559
86.8701
85.2132
84.799
84.3848
83.1421
83.5564
84.5564
85.5564
86.5564
86.5564
85.5564
84.5564
83.5564
85.2132
85.6274
86.0416
90.598
90.1838
86.4559
86.8701
84.3848
88.0416
89.0416
90.0416
91.0416
92.0416
93.0416
94.0416
95.0416
93.7696
81.4853
80.2426
80.6569
81.8995
81.4853
83.5563
83.9706
84.3848
85.6274
86.0417
84.799
84.3848
79
82.7279
83.5564
82.7279
82.3137
85.6274
86.0416
87.0416
87.8701
86.8701
86.4559
82.7279
86.6274
87.0416
85.3848
84.9706
85.3848
85.799
86.2132
91.1838
90.7696
87.4559
85.3848
84.9706
94.7696
82.4853
81.2426
82.8995
83.3137
83.7279
84.1421
84.5563
85.3848
85.799
86.2132
86.2132
87.0417
87.4559
88.4559
89.4559
87.2132
86.2132
85.799
80
83.7279
84.1421
84.5564
83.3137
82.8995
87.4559
88.4559
89.4559
90.4559
90.2843
89.2843
88.2843
87.2132
87.6274
85.9706
85.5564
85.5564
85.9706
86.3848
91.7696
88.0416
88.4559
85.9706
95.7696
83.4853
82.2426
84.3137
83.8995
83.4853
83.8995
84.3137
87.2132
86.799
86.3848
89.8701
90.8701
91.8701
92.8701
93.8701
91.6274
90.6274
89.6274
88.6274
87.6274
81
84.7279
85.1421
83.8995
83.4853
87.799
88.2132
86.5564
86.1421
86.5564
92.7696
92.3554
89.0416
86.9706
96.7696
97.1838
84.4853
83.2426
85.3137
84.0711
84.4853
87.3848
86.9706
94.2843
95.2843
95.0417
94.0417
93.0417
92.0417
82
86.1422
85.7279
85.7279
86.1421
84.4853
88.799
87.5564
87.1421
86.3137
86.7279
87.1421
93.3554
89.6274
90.0416
87.9706
98.1838
85.4853
84.2426
86.7279
86.3137
84.6569
85.0711
87.9706
83
87.1422
86.7279
85.4853
89.799
88.1421
86.8995
87.3137
94.3554
90.6274
88.9706
99.1838
86.4853
85.2426
85.6569
87.7279
85.2426
85.6569
88.9706
88.5564
84
84.4142
88.1422
87.7279
86.4853
90.3848
90.799
89.1421
88.7279
87.4853
87.8995
95.3554
91.6274
89.9706
100.184
87.4853
86.6569
89.1422
88.7279
86.2426
89.5564
85.4142
89.5564
89.1422
85.4142
85
85.4142
85.8284
86.2426
85.8284
85.4142
85
88.7279
87.4853
90.1421
91.3848
89.7279
88.0711
88.4853
96.7696
96.3554
92.2132
92.6274
90.9706
101.184
101.598
88.8995
88.4853
87.6569
90.5564
90.1422
86.8284
87.2426
90.5564
86.4142
86.8284
90.5564
87.2426
86.8284
86.4142
86
86
89.7279
90.1421
88.4853
91.3848
90.9706
90.5564
90.1421
89.7279
91.1421
92.3848
90.7279
89.8995
89.4853
89.0711
97.7696
93.2132
91.9706
96.1127
96.5269
96.9411
97.3554
98.3554
99.3554
102.598
89.8995
88.6569
89.0711
91.9706
91.5564
87.8284
91.5564
91.9706
91.5564
91.1422
91.5564
91.5564
91.1422
90.7279
90.3137
87.8284
88.2426
91.9706
91.5564
88.6569
88.2426
87
87
91.1421
89.4853
94.0416
93.6274
93.2132
92.799
92.3848
92.1421
93.3848
91.7279
91.3137
90.8995
99.1838
98.7696
94.2132
93.3848
92.9706
95.8701
96.2843
96.6985
97.1127
99.7696
100.77
101.77
102.77
103.598
90.8995
90.0711
92.9706
88.4142
88.8284
92.9706
93.3848
92.9706
92.5564
91.3137
90.8995
90.4853
89.2426
89.6569
93.3848
92.9706
89.6569
88
92.1421
92.5564
90.4853
95.8701
95.4559
95.0416
93.1421
93.5564
93.9706
94.3848
94.799
94.3848
94.3848
92.7279
92.3137
100.184
95.2132
94.3848
96.0416
96.4559
96.8701
103.184
103.497
103.083
104.598
105.012
92.3137
91.8995
91.0711
91.4853
95.3848
94.3848
93.9706
89.4142
93.9706
94.799
94.3848
91.4853
91.0711
90.6569
90.6569
91.0711
94.799
94.3848
91.0711
90.6569
89
89
93.5564
93.9706
91.8995
91.4853
97.6985
97.2843
96.8701
95.3848
94.9706
95.3848
95.799
93.7279
93.7279
93.3137
101.598
101.184
95.799
96.2132
95.799
95.3848
96.6274
97.0416
104.083
103.669
106.012
106.426
93.7279
93.3137
92.4853
92.8995
96.799
95.799
90.8284
90.4142
94.9706
96.2132
95.799
91.6569
91.2426
92.0711
92.4853
97.2132
96.2132
95.799
92.0711
90
94.9706
95.3848
93.3137
92.8995
99.1127
98.6985
95.9706
95.5564
95.1421
96.799
95.1421
94.7279
95.1421
94.7279
104.012
103.012
102.598
96.799
96.799
97.2132
97.6274
104.669
104.255
107.426
107.841
95.1421
94.7279
93.8995
94.3137
95.3137
96.3137
97.3137
100.142
99.2132
98.2132
97.2132
91.8284
95.9706
97.6274
97.2132
92.2426
91.8284
93.4853
93.8995
94.8995
95.8995
100.627
99.6274
98.6274
97.6274
93.4853
93.0711
91
96.3848
96.799
94.7279
94.3137
99.6985
100.113
96.1421
97.799
98.2132
96.1421
96.5564
96.1421
105.426
104.426
97.799
97.799
98.2132
105.255
108.841
109.255
96.5564
96.1421
97.7279
98.7279
99.7279
92.8284
96.9706
99.0417
98.6274
92.8284
96.3137
97.3137
98.3137
99.3137
100.314
101.314
101.042
94.4853
92
97.799
98.2132
99.2132
96.1421
95.7279
100.284
100.699
97.1421
97.5564
99.2132
97.5564
97.1421
97.5564
107.841
106.841
105.841
98.799
99.2132
98.799
98.799
99.2132
106.255
106.669
110.255
110.627
97.9706
97.5564
93.8284
97.9706
100.042
93.8284
93.4142
95.4853
93
99.6274
100.627
101.627
102.627
98.5564
97.5564
97.1421
100.87
101.284
98.5564
98.9706
100.213
100.627
98.9706
98.5564
98.9706
98.5564
109.255
108.255
99.3848
99.799
100.213
99.3848
99.799
107.669
110.213
109.213
108.213
107.213
101.385
100.385
99.3848
98.9706
94.8284
98.9706
101.456
101.042
94.4142
96.4853
94
103.042
104.042
105.042
106.042
107.042
102.971
101.971
100.971
99.9706
98.9706
101.87
99.9706
101.627
102.042
100.385
99.9706
99.9706
111.669
110.669
109.669
100.385
101.213
100.385
108.669
109.083
106.799
105.799
104.799
103.799
102.799
101.799
96.2426
95.8284
100.385
99.9706
102.456
95.4142
95
97.4853
95
95
107.456
108.456
108.385
107.385
106.385
105.385
104.385
103.385
102.456
102.87
100.971
101.385
103.042
103.456
101.799
101.385
100.971
113.083
112.083
101.385
102.627
102.213
101.385
110.083
97.2426
101.385
103.456
96
98.8995
98.4853
96
103.456
102.385
104.456
104.87
105.87
106.87
104.213
103.213
102.799
102.385
101.971
113.498
102.385
103.627
102.385
111.083
98.2426
102.385
104.87
104.456
97
99.8995
97
104.456
103.385
107.284
108.284
108.627
107.627
106.627
105.627
104.627
103.385
114.912
113.912
103.385
104.627
103.385
112.083
99.2426
103.385
105.87
98
100.9
98.4142
98
105.042
105.456
104.385
104.385
115.326
104.385
105.627
103.971
104.385
113.083
113.497
100.243
104.385
106.87
99
101.9
99.4142
106.042
105.385
105.385
115.74
105.385
106.627
104.971
114.497
101.243
105.385
107.87
100
102.9
100.414
107.042
